1
733
50
64
1
0.125664 0.235834 0.0187671 6 4.79369e-05
0.177715 0.728629 0.0204999 12 0.000135586
0.217656 1.74252 0.0266861 8 0.000249087
0.251327 0.300255 0.00298669 6 0.000383495
0.280993 1.35968 0.00967769 24 0.000535951
0.307812 1.95959 0.0106103 24 0.000704526
0.355431 2.71748 0.00955701 12 0.00108469
0.376991 2.77196 0.00816985 30 0.0012943
0.397384 1.92735 0.0048501 24 0.0015159
0.416779 2.59576 0.00566196 24 0.00174888
0.435312 4.41029 0.00844277 8 0.0019927
0.453087 2.11726 0.00359459 24 0.00224691
0.470191 4.58199 0.00696068 48 0.00251109
0.502655 3.84032 0.00477505 6 0.00306796
0.518125 4.01709 0.00456067 48 0.00336003
0.533146 2.83161 0.00295063 36 0.00366082
0.547755 5.33741 0.0051285 24 0.00397009
0.561985 4.60657 0.00409848 24 0.00428761
0.575863 5.06039 0.00418452 48 0.00461316
0.589415 6.05776 0.00467163 24 0.00494657
0.615624 8.81726 0.0059677 24 0.00563621
0.628319 4.21466 0.00268314 30 0.00599211
0.640762 5.81987 0.00349336 72 0.00635521
0.652968 6.17271 0.00350123 32 0.00672536
0.67672 8.12561 0.00414047 72 0.0074863
0.688288 5.6272 0.00272521 48 0.00787684
0.710861 5.11517 0.00224867 12 0.00867751
0.721883 8.10583 0.00340265 48 0.00908743
0.732739 8.08285 0.00324441 48 0.0095036
0.743437 10.5992 0.00407343 48 0.00992595
0.753982 6.15371 0.00226711 30 0.0103544
0.764382 5.78599 0.00204581 24 0.0107888
0.774643 8.71112 0.0029593 72 0.0112291
0.794767 11.7053 0.00368199 24 0.0121272
0.80464 10.1281 0.00307004 96 0.0125848
0.814394 9.65102 0.00282156 48 0.013048
0.824032 13.6668 0.00385703 24 0.0135168
0.833559 10.7639 0.00293481 24 0.013991
0.842978 12.1764 0.00320988 72 0.0144707
0.852293 13.7132 0.00349778 48 0.0149557
0.870624 18.0979 0.00433069 8 0.0159416
0.879646 10.8564 0.00251873 54 0.0164424
0.888577 15.4704 0.00348207 84 0.0169483
0.897418 9.08834 0.00198573 48 0.0174592
0.906174 3.65414 0.000775479 24 0.0179753
0.914846 12.1478 0.00250538 72 0.0184963
0.923436 10.4764 0.00210093 96 0.0190222
0.940381 14.8726 0.0028242 48 0.0200887
0.94874 16.8386 0.00311376 48 0.0206292
0.957026 11.5273 0.00207671 24 0.0211744
0.965241 8.91803 0.00156596 72 0.0217244
0.981465 15.8578 0.00264874 72 0.0228383
0.989477 14.2244 0.00231866 96 0.0234022
1.00531 16.4298 0.0025536 6 0.0245437
1.01313 13.609 0.00206655 96 0.0251212
1.0209 15.1094 0.00224245 96 0.0257031
1.0286 18.517 0.00268688 24 0.0262895
1.03625 16.2596 0.00230748 48 0.0268803
1.04384 18.1123 0.00251472 96 0.0274754
1.05138 22.5544 0.0030646 48 0.0280748
1.06629 13.4037 0.00174589 36 0.0292866
1.07367 18.2681 0.00233077 48 0.0298988
1.081 16.3147 0.00203949 120 0.0305153
1.08828 16.143 0.0019778 56 0.0311359
1.09551 21.9109 0.00263166 24 0.0317607
1.10269 19.895 0.00234314 96 0.0323896
1.10983 22.4385 0.00259204 48 0.0330226
1.12397 12.8879 0.0014333 24 0.0343009
1.13097 22.5965 0.00246662 102 0.034946
1.13793 18.9522 0.00203109 48 0.0355951
1.14485 25.1214 0.00264373 72 0.0362483
1.15173 15.3013 0.00158161 48 0.0369053
1.15856 19.4093 0.00197094 48 0.0375663
1.16536 19.6753 0.00196319 120 0.0382312
1.17883 22.5701 0.00217571 24 0.0395725
1.18551 20.2575 0.00191995 144 0.040249
1.19215 21.5566 0.00200912 120 0.0409292
1.19876 17.6616 0.00161904 48 0.0416133
1.21186 36.2448 0.00321597 48 0.0429927
1.21835 25.8536 0.00225745 96 0.043688
1.23125 39.8479 0.00337123 24 0.0450896
1.23764 22.593 0.00188194 48 0.045796
1.24401 29.193 0.00239458 108 0.046506
1.25034 22.325 0.00180355 72 0.0472196
1.25664 23.1912 0.0018455 30 0.0479369
1.2629 25.6606 0.00201176 168 0.0486577
1.26914 24.5062 0.00189307 48 0.0493822
1.28152 21.5519 0.00161706 72 0.0508417
1.28767 30.8854 0.00228433 96 0.0515767
1.29379 13.7998 0.00100625 72 0.0523153
1.29988 23.9932 0.00172505 72 0.0530574
1.30594 29.8021 0.00211301 32 0.0538029
1.31197 24.1999 0.00169225 72 0.0545519
1.31797 26.7188 0.00184297 144 0.0553043
1.33582 30.1865 0.00199979 96 0.0575821
1.34172 33.0262 0.00215919 96 0.0583482
1.34759 20.0874 0.00129619 48 0.0591176
1.35344 30.5829 0.00194797 72 0.0598904
1.35926 30.9114 0.0019437 120 0.0606665
1.36506 28.928 0.00179591 72 0.0614459
1.37658 36.7911 0.00222721 48 0.0630147
1.3823 39.8759 0.00238409 78 0.063804
1.388 41.7032 0.00246274 120 0.0645966
1.39368 37.9609 0.00221447 48 0.0653925
1.40496 32.1717 0.00183189 144 0.0669939
1.41057 26.3239 0.0014811 144 0.0677994
1.42172 23.4403 0.00128807 12 0.06942
1.42727 33.1121 0.00179842 144 0.0702351
1.43279 42.7368 0.00229444 48 0.0710534
1.43829 33.8826 0.00179829 120 0.0718748
1.44377 37.558 0.00197075 48 0.0726994
1.44922 36.6661 0.00190229 48 0.0735271
1.45466 36.4103 0.00186791 168 0.0743579
1.46548 37.5623 0.00188467 48 0.0760288
1.47086 33.3082 0.00165295 96 0.0768689
1.47621 41.4486 0.00203461 96 0.0777121
1.48155 37.1868 0.00180575 72 0.0785583
1.48687 26.7803 0.00128651 48 0.0794076
1.49217 30.6788 0.00145814 96 0.0802599
1.49746 46.8751 0.00220445 48 0.0811152
1.50796 45.0544 0.00207483 30 0.082835
1.51319 31.7543 0.00144724 96 0.0836993
1.5184 40.4376 0.00182409 192 0.0845667
1.52359 28.5455 0.00127454 56 0.085437
1.52876 39.3537 0.00173933 24 0.0863103
1.53392 36.7161 0.00160645 168 0.0871865
1.53906 41.5234 0.00179865 120 0.0880657
1.54929 35.8496 0.00152233 72 0.0898329
1.55437 43.5703 0.00183208 144 0.0907208
1.55945 38.812 0.00161612 96 0.0916117
1.5645 44.8842 0.00185091 96 0.0925055
1.57456 44.2886 0.00179157 72 0.0943017
1.57957 40.2405 0.00161238 96 0.0952041
1.58953 27.764 0.00109167 24 0.0970175
1.59449 41.634 0.00162181 192 0.0979284
1.59944 57.3115 0.00221187 108 0.0988422
1.60437 23.3346 0.000892298 24 0.0997588
1.60928 46.9044 0.00177721 96 0.100678
1.61418 37.4241 0.00140513 96 0.101601
1.61906 43.5684 0.00162106 120 0.102526
1.62879 59.7981 0.00218531 48 0.104384
1.63363 44.7868 0.00162222 78 0.105317
1.63845 34.2228 0.00122866 144 0.106254
1.64327 39.0694 0.00139038 120 0.107192
1.64806 85.689 0.00302289 24 0.108134
1.65285 51.4667 0.00179989 168 0.109078
1.65762 44.5903 0.00154599 144 0.110026
1.66712 36.1527 0.00123215 24 0.111928
1.67185 40.8813 0.00138151 48 0.112883
1.67656 52.6937 0.00176571 96 0.113841
1.68127 54.9953 0.00182741 120 0.114802
1.68596 40.2959 0.00132783 72 0.115765
1.69063 55.5204 0.00181437 120 0.116731
1.6953 51.5688 0.00167136 144 0.1177
1.70459 50.7463 0.00161796 48 0.119646
1.70921 48.2546 0.00152606 192 0.120622
1.71382 44.7246 0.00140303 144 0.121602
1.71843 68.9129 0.00214451 48 0.122584
1.72759 55.0189 0.00168504 192 0.124555
1.73215 65.8236 0.00200005 48 0.125545
1.74125 45.4365 0.00135907 8 0.127533
1.74578 45.9142 0.0013627 48 0.12853
1.75029 49.5101 0.00145808 240 0.129531
1.7548 44.996 0.00131496 96 0.130533
1.75929 51.8356 0.00150326 54 0.131539
1.76377 57.7345 0.0016616 120 0.132547
1.76825 51.9623 0.00148416 120 0.133557
1.77715 68.0684 0.0019151 84 0.135586
1.78159 50.2491 0.00140321 144 0.136604
1.78602 57.607 0.00159675 72 0.137625
1.79043 65.0055 0.00178853 96 0.138648
1.79484 58.4551 0.00159649 48 0.139674
1.79923 50.7664 0.00137637 96 0.140702
1.80361 57.868 0.0015575 240 0.141733
1.81235 48.7685 0.0012937 24 0.143802
1.8167 54.222 0.00142806 240 0.14484
1.82104 47.6645 0.0012464 96 0.145881
1.82537 65.7296 0.00170658 72 0.146924
1.82969 45.5696 0.00117479 72 0.14797
1.834 76.866 0.00196768 96 0.149018
1.8383 60.9942 0.00155045 72 0.150069
1.84687 65.8405 0.00165045 96 0.152178
1.85114 66.1732 0.00164734 96 0.153236
1.8554 59.1503 0.00146239 120 0.154296
1.85965 61.1129 0.00150057 96 0.155359
1.86813 74.7334 0.00181016 192 0.157492
1.87235 59.0555 0.00142076 144 0.158562
1.88076 71.2517 0.00169127 48 0.16071
1.88496 66.0534 0.00155744 150 0.161787
1.88914 66.517 0.00155797 96 0.162867
1.89331 65.5875 0.00152606 120 0.163949
1.89748 74.6438 0.00172537 48 0.165034
1.9044 56.8785 0.00130045 360 0.166846
1.91405 64.2391 0.00144663 24 0.169396
1.91817 66.8945 0.00149674 144 0.170492
1.92229 66.7681 0.00148435 216 0.171591
1.92639 58.4902 0.00129203 48 0.172692
1.93048 61.6785 0.00135381 72 0.173795
1.93457 66.8791 0.00145867 144 0.174901
1.93865 55.6102 0.00120526 96 0.176009
1.95083 71.7113 0.00152529 144 0.179348
1.95487 72.4359 0.00153116 132 0.180465
1.9589 67.0455 0.00140848 104 0.181585
1.96293 76.9619 0.00160687 72 0.182707
1.9688 88.705 0.00183554 312 0.18435
1.97895 64.6278 0.00131684 96 0.187218
1.98294 69.9932 0.00141758 144 0.188351
1.98692 74.1533 0.00149283 144 0.189487
1.99089 76.0908 0.00152269 168 0.190625
1.9988 71.5688 0.00141525 48 0.192908
2.00275 72.0606 0.00141657 192 0.194053
2.01062 46.1838 0.000897263 6 0.19635
2.01454 67.3716 0.00130127 192 0.197501
2.01846 66.9986 0.00128655 96 0.198655
2.02237 70.9018 0.00135362 96 0.199811
2.02627 84.9326 0.00161215 96 0.200969
2.03113 76.9776 0.00145068 288 0.20242
2.04179 83.1465 0.00154251 96 0.205625
2.04566 59.0818 0.00108987 96 0.206794
2.04951 76.2959 0.00139949 240 0.207966
2.05464 81.7739 0.00148877 72 0.209531
2.06104 79.4847 0.00143366 264 0.211494
2.06487 89.7386 0.00160962 192 0.212675
2.0725 73.5194 0.00130418 48 0.215042
2.07858 73.0868 0.00128516 240 0.216942
2.0839 81.8315 0.00142795 120 0.218609
2.08768 103.466 0.00179566 96 0.219803
2.09146 65.1022 0.00112374 72 0.220999
2.09523 75.9835 0.00130449 168 0.222196
2.10276 103.31 0.00175467 48 0.224599
2.10651 67.563 0.0011414 240 0.225803
2.11025 67.1243 0.00112797 96 0.227009
2.11399 83.6081 0.00139752 72 0.228218
2.12145 81.0371 0.00134031 192 0.230641
2.12517 73.8051 0.0012143 144 0.231856
2.13258 50.7599 0.00082646 36 0.234293
2.13628 81.0217 0.00131234 102 0.235514
2.13998 82.4115 0.00132795 240 0.236737
2.14489 88.8921 0.00142255 144 0.238372
2.15102 87.0459 0.00138114 216 0.24042
2.15468 71.4111 0.00112729 168 0.241652
2.162 76.8753 0.00120127 120 0.244122
2.16565 80.7671 0.00125571 192 0.24536
2.16929 62.7179 0.000970192 72 0.246601
2.17375 77.7172 0.00119484 248 0.248123
2.18018 70.4238 0.00107315 96 0.250334
2.1838 87.7227 0.00133012 144 0.251582
2.19102 101.654 0.00152617 24 0.254086
2.19462 84.5184 0.00126267 192 0.25534
2.19822 89.3655 0.00132855 240 0.256597
2.20385 81.1645 0.0011974 168 0.258576
2.20897 96.2671 0.00141036 144 0.26038
2.21254 65.5959 0.000956367 96 0.261645
2.21966 83.9818 0.00121267 48 0.264181
2.22322 77.843 0.00111865 96 0.265452
2.22788 86.6361 0.0012372 456 0.267127
2.2393 76.3296 0.00107343 264 0.271255
2.25113 95.3833 0.00132035 264 0.275577
2.25495 101.001 0.00139102 96 0.276983
2.25845 98.4588 0.00134971 96 0.278275
2.26412 103.155 0.0014035 270 0.280373
2.26892 93.0884 0.00125852 264 0.282161
2.27587 70.8142 0.000948636 48 0.284761
2.27933 100.435 0.00133931 288 0.286064
2.28428 92.4968 0.00122547 168 0.287929
2.2897 103.049 0.00135558 72 0.289986
2.29502 107.707 0.00140702 264 0.292013
2.30574 99.005 0.0012754 144 0.296121
2.3103 76.757 0.000982953 180 0.297883
2.31457 94.9796 0.0012096 192 0.299536
2.32053 84.7205 0.00107065 336 0.301857
2.32393 84.1115 0.00105829 216 0.303186
2.33222 93.7565 0.00116711 216 0.306442
2.33748 107.119 0.00132447 120 0.308521
2.34086 105.411 0.00129772 120 0.309859
2.34759 85.2421 0.00104041 168 0.312542
2.35095 110.927 0.00134811 240 0.313886
2.35766 125.926 0.00151737 24 0.31658
2.36268 92.2203 0.00110416 384 0.318606
2.36968 98.834 0.00117288 240 0.321449
2.37435 110.887 0.00130818 96 0.32335
2.37767 113.198 0.00132986 72 0.324709
2.3843 74.8416 0.000871926 120 0.327434
2.3897 106.431 0.00123157 342 0.329662
2.39526 93.9869 0.00108002 152 0.331968
2.4008 113.974 0.00130064 240 0.334279
2.40409 106.87 0.00121458 144 0.335654
2.41392 95.5516 0.00107273 288 0.339789
2.41719 115.525 0.00129171 144 0.341171
2.42111 98.4749 0.00109573 240 0.342832
2.42936 97.5829 0.00107477 456 0.346353
2.43887 90.8755 0.00098924 288 0.350433
2.44406 116.149 0.00125631 264 0.352677
2.45378 119.434 0.00127656 336 0.356899
2.4625 43.6469 0.000461579 24 0.360717
2.46799 96.7268 0.00101611 336 0.363135
2.4721 113.868 0.00119022 120 0.364953
2.47799 105.655 0.00109652 312 0.367567
2.48166 125.062 0.00129217 192 0.369204
2.48983 105.815 0.00108258 252 0.372861
2.49435 141.558 0.00144039 120 0.374899
2.49838 116.521 0.00117991 264 0.376717
2.50626 113.694 0.00114047 312 0.380291
2.51327 151.125 0.00150326 30 0.383495
2.51781 118.864 0.00117599 432 0.385574
2.52268 133.475 0.0013129 48 0.387818
2.52757 106.163 0.00103821 384 0.390075
2.53205 111.546 0.00108506 192 0.392156
2.54077 115.848 0.00111536 240 0.39622
2.54582 118.949 0.0011384 336 0.398589
2.55379 109.063 0.00103405 240 0.402342
2.55688 123.95 0.00117094 240 0.403804
2.56305 116.137 0.00108923 72 0.406733
2.56736 113.097 0.00105539 240 0.408788
2.57322 124.939 0.00115795 312 0.411594
2.57993 119.872 0.00110233 240 0.414826
2.58757 112.685 0.00102709 72 0.418522
2.59203 100.858 0.00091456 624 0.420688
2.59853 134.671 0.00121202 120 0.423864
2.60409 132.908 0.00118852 336 0.426585
2.61187 114.11 0.00101132 32 0.430423
2.6169 128.194 0.0011296 432 0.432916
2.62221 121.638 0.00106533 168 0.435557
2.6278 126.412 0.00110009 336 0.438346
2.63594 122.931 0.00105992 144 0.442434
2.63972 120.666 0.00103593 366 0.444339
2.64492 136.521 0.00116516 120 0.446967
2.65326 126.438 0.00106895 480 0.451211
2.66428 109.19 0.000911722 492 0.456859
2.66987 107.274 0.00089011 240 0.45974
2.67619 112.464 0.000926579 312 0.46301
2.68344 105.758 0.000864281 96 0.466785
2.68863 134.228 0.00109061 408 0.469497
2.69284 137.513 0.00111207 240 0.471707
2.69873 128.538 0.0010327 456 0.474809
2.70688 96.6969 0.000769885 72 0.479123
2.71076 144.03 0.00114182 288 0.481189
2.71683 129.279 0.00101804 288 0.484424
2.72304 126.304 0.000987822 432 0.487753
2.73011 107.543 0.000834566 72 0.491567
2.73575 127.71 0.000984945 504 0.49462
2.74454 141.614 0.00108173 216 0.499399
2.74741 137.206 0.00104477 96 0.50097
2.75545 139.06 0.00104965 240 0.505378
2.7597 134.634 0.00101155 336 0.507722
2.76676 112.578 0.000839384 318 0.511626
2.77189 135.003 0.001001 432 0.514479
2.78001 133.578 0.000981777 408 0.519017
2.78504 141.288 0.00103284 264 0.521835
2.79217 136.658 0.000991357 480 0.525853
2.80296 132.758 0.000951977 456 0.531978
2.81153 159.087 0.00113038 336 0.536869
2.81554 136.312 0.000964425 168 0.53917
2.82487 152.252 0.00106657 576 0.544548
2.82953 149.992 0.00104555 104 0.547245
2.83607 142.505 0.000986505 552 0.55105
2.84345 98.99 0.000679949 12 0.55536
2.84874 144.867 0.000989537 528 0.558468
2.85591 123.321 0.000836031 288 0.562698
2.86006 130.351 0.000879853 192 0.565151
2.86869 141.652 0.00094753 552 0.570281
2.8752 143.725 0.000954876 240 0.574176
2.88034 149.388 0.00098719 384 0.577263
2.8896 140.085 0.00091685 198 0.582847
2.89406 150.241 0.00097878 552 0.58555
2.90238 145.85 0.000942025 432 0.590613
2.90933 138.72 0.000889575 168 0.594863
2.91327 137.498 0.000878162 264 0.597286
2.91939 143.526 0.000910911 336 0.601056
2.92556 177.952 0.00112226 288 0.60488
2.93454 152.356 0.000952046 720 0.610468
2.94056 156.406 0.000971364 168 0.61423
2.94525 149.346 0.000923096 528 0.617171
2.95376 158.638 0.000972073 192 0.622541
2.95925 162.513 0.00099029 432 0.626018
2.96729 144.51 0.000873451 504 0.631132
2.97587 146.103 0.00087546 240 0.636622
2.98089 140.988 0.000840555 312 0.639847
2.98815 181.352 0.00107333 600 0.644539
2.99491 60.0951 0.00035327 48 0.648922
2.99918 157.899 0.000924253 696 0.6517
3.00938 147.619 0.000855326 384 0.65837
3.01593 139.43 0.000802626 30 0.66268
3.02167 156.723 0.000897041 492 0.666471
3.02841 143.668 0.000816834 432 0.670942
3.0342 159.374 0.000900959 384 0.674795
3.04153 156.145 0.000876337 672 0.6797
3.04919 197.577 0.00110053 248 0.684846
3.05283 187.901 0.0010429 264 0.687303
3.06204 164.822 0.000906568 768 0.693546
3.06903 173.707 0.000948928 312 0.698302
3.07584 165.349 0.000897288 216 0.702959
3.08277 178.433 0.000961769 648 0.707724
3.09092 143.985 0.00076997 312 0.713351
3.09517 148.334 0.000789962 216 0.716299
3.10388 145.883 0.000770395 576 0.722359
3.11228 149.912 0.000785268 672 0.728245
3.11889 148.972 0.000775397 96 0.732894
3.1238 179.388 0.000929314 408 0.73636
3.13172 161.521 0.000830428 624 0.741972
3.14159 155.097 0.000789903 150 0.749014
3.14511 160.901 0.000816718 600 0.751531
3.15252 161.784 0.000815416 672 0.75686
3.16092 156.061 0.000780319 336 0.762924
3.1656 179.372 0.00089291 408 0.766316
3.17307 161.096 0.00079628 408 0.771756
3.18231 175.663 0.000860744 552 0.778513
3.18964 168.907 0.000821947 456 0.783907
3.19571 175.937 0.000851283 300 0.788395
3.20366 171.481 0.000823566 792 0.794289
3.21265 170.055 0.00080988 528 0.800993
3.22031 164.682 0.000778701 336 0.806742
3.22591 166.209 0.000781839 456 0.810957
3.23215 190.731 0.000892005 480 0.815669
3.24132 173.356 0.000803881 768 0.822637
3.24835 186.426 0.000858888 240 0.827997
3.25394 188.614 0.000864503 192 0.832276
3.26271 211.706 0.000962535 656 0.83903
3.27025 175.282 0.000791432 678 0.844856
3.27841 197.196 0.000883744 384 0.8512
3.28398 187.788 0.000837312 384 0.855541
3.29068 186.398 0.000826046 528 0.860789
3.2991 179.899 0.000791154 696 0.867415
3.30639 186.55 0.000814991 576 0.873179
3.31307 184.187 0.000799809 264 0.87848
3.32052 176.134 0.000759702 648 0.884423
3.32788 180.667 0.000774096 600 0.890316
3.33764 193.427 0.000821517 600 0.898173
3.34351 188.79 0.000797611 312 0.902918
3.34936 186.298 0.000782968 480 0.907662
3.35716 225.818 0.00094246 672 0.914021
3.365 203.14 0.000841899 456 0.920441
3.37499 203.669 0.000836615 492 0.928665
3.38233 189.627 0.000773875 576 0.934738
3.38758 184.486 0.000749402 408 0.93909
3.39515 185.688 0.000749247 750 0.945405
3.40393 217.863 0.000872287 648 0.952761
3.41233 206.824 0.000821996 528 0.959825
3.41962 216.686 0.000855696 696 0.965989
3.42896 192.993 0.000755913 336 0.973934
3.4335 225.304 0.000878978 576 0.977802
3.44013 199.121 0.000772348 672 0.983479
3.4511 203.491 0.000781796 672 0.992914
3.45775 226.09 0.000863617 576 0.998667
3.46691 220.314 0.000834896 672 1.00663
3.47439 206.007 0.000775653 336 1.01315
3.48107 234.515 0.000877914 536 1.01901
3.48797 209.025 0.000777856 576 1.02508
3.49649 217.907 0.000805001 912 1.03261
3.50527 209.411 0.00076781 600 1.04041
3.51254 205.781 0.00074983 624 1.04689
3.52153 230.954 0.000835123 438 1.05496
3.52932 202.685 0.00072806 816 1.06198
3.53991 221.985 0.000790254 720 1.07156
3.5467 226.769 0.000802658 456 1.07774
3.55445 218.291 0.000767603 708 1.08482
3.56096 236.651 0.000827609 528 1.09079
3.56743 223.01 0.000775669 600 1.09675
3.5764 207.89 0.000717655 1056 1.10504
3.58417 236.061 0.000809614 288 1.11226
3.59407 232.601 0.000791175 768 1.1215
3.60111 220.122 0.000744347 696 1.1281
3.60912 230.671 0.000774834 720 1.13565
3.61784 225.43 0.000751767 672 1.1439
3.62754 210.087 0.000694997 552 1.15312
3.63452 245.169 0.000806388 744 1.15979
3.64348 220.339 0.000719388 270 1.16839
3.64975 252.937 0.000821568 888 1.17443
3.65786 244.785 0.00078981 888 1.18229
3.66615 240.906 0.000772039 696 1.19034
3.67513 252.731 0.000804004 984 1.19911
3.68431 255.767 0.000807601 648 1.20811
3.6916 222.971 0.000699877 192 1.21531
3.69835 239.161 0.000746595 968 1.22198
3.7061 248.053 0.000769504 696 1.22968
3.71565 242.791 0.000747393 864 1.23921
3.72284 244.2 0.00074738 360 1.24642
3.73197 227.533 0.000691273 1068 1.25561
3.74047 232.288 0.000700916 648 1.26421
3.74898 226.498 0.000678804 696 1.27286
3.75662 268.486 0.00079974 720 1.28066
3.76685 225.009 0.000664788 822 1.29115
3.77382 255.606 0.000751015 720 1.29832
3.78252 248.032 0.000723743 816 1.30732
3.79085 272.154 0.000788905 888 1.31598
3.80155 273.866 0.000787184 984 1.32716
3.81112 263.19 0.00075081 672 1.33721
3.81817 245.424 0.000696258 624 1.34465
3.82694 271.978 0.000766299 936 1.35393
3.83491 258.392 0.00072349 792 1.3624
3.84457 277.088 0.000770007 960 1.37272
3.85419 265.162 0.000731358 936 1.38306
3.86339 258.277 0.000707294 648 1.39298
3.87144 300.346 0.000817377 912 1.40171
3.88032 271.826 0.000734698 936 1.41137
3.88847 280.12 0.00075236 384 1.42029
3.89765 289.673 0.000772539 750 1.43037
3.90467 292.926 0.000777004 1092 1.43812
3.9144 309.201 0.000814074 896 1.4489
3.92183 301.378 0.000788974 648 1.45716
3.93208 292.864 0.00076071 1248 1.46861
3.94209 305.707 0.000788036 552 1.47986
3.94998 285.182 0.000730731 1584 1.48876
3.96034 297.213 0.000755593 432 1.50051
3.96734 325.182 0.000822333 816 1.50848
3.97634 315.177 0.000791631 912 1.51877
3.98399 338.728 0.000845892 600 1.52755
3.99397 303.207 0.000751529 912 1.53905
4.00316 314.714 0.000774691 1152 1.5497
4.01218 298.134 0.000728937 792 1.56021
4.02195 327.807 0.000795662 1227 1.57163
4.03047 345.113 0.000832365 780 1.58164
4.0407 322.407 0.00077171 960 1.59372
4.04777 318.942 0.000759427 540 1.60209
4.05772 325.918 0.000770337 1116 1.61394
4.06715 322.599 0.000757202 1068 1.62522
4.07589 329.455 0.000768331 1008 1.63571
4.08685 325.813 0.00075374 696 1.64895
4.09512 333.689 0.000767293 948 1.65898
4.10343 324.261 0.000741091 744 1.6691
4.11154 336.259 0.000763979 1068 1.67901
4.12181 303.456 0.000684307 1236 1.69163
4.13251 336.421 0.000752768 776 1.70483
4.14044 353.491 0.000786429 732 1.71466
4.14971 343.793 0.000759738 1008 1.72621
4.16104 341.833 0.000749252 1092 1.74039
4.16938 312.774 0.000681451 744 1.75088
4.17917 387.214 0.000837725 972 1.76323
4.18731 345.904 0.000743996 1032 1.77356
4.19883 370.249 0.000789818 912 1.78824
4.20805 372.241 0.000788861 780 1.80005
4.21538 343.387 0.000723927 876 1.80946
4.22604 368.31 0.000770609 1176 1.82322
4.23463 339.915 0.000706874 720 1.83438
4.24341 343.031 0.000708937 864 1.8458
4.25305 399.21 0.000819442 876 1.85842
4.26588 410.312 0.000834657 1056 1.87528
4.27392 371.23 0.000750901 816 1.88591
4.28249 393.301 0.000790782 960 1.89727
4.29299 378.475 0.000755402 1068 1.91126
4.30241 393.217 0.000779682 936 1.92387
4.3129 391.278 0.000770187 696 1.93798
4.32069 383.954 0.000751691 888 1.9485
4.33177 338.212 0.000657072 1116 1.96352
4.34229 418.944 0.000808014 924 1.97787
4.35096 345.35 0.000662101 464 1.98973
4.36124 405.024 0.000771031 1200 2.00387
4.3707 383.142 0.000724645 1008 2.01694
4.38166 401.059 0.000752855 1032 2.03216
4.39073 417.32 0.000778538 612 2.04479
4.40096 406.001 0.000752148 1236 2.05913
4.41129 414.126 0.000761827 672 2.07366
4.42014 422.387 0.000772366 816 2.08616
4.42976 385.426 0.000700195 840 2.09982
4.44207 435.886 0.000785301 1080 2.11737
4.45076 434.703 0.000778594 936 2.12982
4.4616 417.037 0.000741519 864 2.14542
4.47108 446.631 0.000789098 876 2.15913
4.48144 406.65 0.000713491 1032 2.17417
4.49019 431.953 0.000753462 660 2.18693
4.50096 473.555 0.000820112 696 2.20271
4.50987 456.443 0.000785804 1152 2.21581
4.52047 478.406 0.000817834 576 2.23147
4.53079 468.62 0.000795644 1080 2.24679
4.54135 432.865 0.000729821 1032 2.26254
4.55295 451.519 0.000755473 840 2.27991
4.56213 475.397 0.000790632 624 2.29373
4.57273 428.295 0.000707354 1208 2.30976
4.58367 450.199 0.000738218 960 2.32637
4.59392 444.237 0.000723577 720 2.34202
4.60399 501.213 0.000811037 648 2.35745
4.6146 509.05 0.000818046 1020 2.37379
4.62472 470.763 0.000751564 756 2.38944
4.63557 521.206 0.000826264 924 2.40631
4.64475 456.349 0.000719168 840 2.42062
4.65405 466.945 0.000731464 816 2.43519
4.66545 431.428 0.000670885 768 2.45313
4.67618 467.365 0.000721773 1140 2.4701
4.68806 542.422 0.00083134 720 2.48897
4.69757 486.355 0.000740887 624 2.50416
4.70819 473.004 0.000715688 936 2.52116
4.71974 539.83 0.000810817 936 2.53977
4.73056 465.842 0.000694899 732 2.55727
4.74042 518.992 0.000769359 1116 2.57331
4.74994 518.641 0.000764227 576 2.58883
4.76031 507.369 0.00074274 816 2.60584
4.77303 544.706 0.000791042 816 2.62677
4.78318 527.507 0.000761198 800 2.64357
4.79384 526.147 0.000754182 804 2.66128
4.80446 525.164 0.000747794 684 2.679
4.81478 543.696 0.000769214 1008 2.69631
4.82719 500.119 0.00070212 900 2.71721
4.83829 550.413 0.00076742 912 2.736
4.85007 591.59 0.000818835 576 2.75604
4.85876 488.716 0.000672821 768 2.77088
4.87122 551.462 0.000753395 672 2.79224
4.88069 589.781 0.000801062 876 2.80857
4.89201 615.441 0.000830124 816 2.82816
4.90428 566.47 0.000758351 648 2.84949
4.91258 592.301 0.000788921 984 2.86397
4.92696 605.598 0.00079959 684 2.8892
4.93646 603.769 0.000792578 720 2.90595
4.94736 608.576 0.000793622 852 2.92524
4.95805 605.95 0.000785097 624 2.94424
4.96935 552.425 0.000710879 696 2.96441
4.98201 630.199 0.000804791 852 2.98714
4.99276 646.922 0.000820823 768 3.00651
5.00522 618.44 0.000778842 872 3.02907
5.01542 633.229 0.000792609 624 3.04763
5.02676 615.923 0.000765743 720 3.06834
5.03741 624.514 0.000771506 648 3.0879
5.0483 647.259 0.000794443 792 3.10796
5.06241 630.644 0.000767592 576 3.1341
5.07131 679 0.000822108 576 3.15066
5.08286 673.257 0.000809611 936 3.17223
5.09421 667.879 0.000797787 720 3.19353
5.10647 689.477 0.000817668 756 3.21664
5.11911 633.699 0.000745967 768 3.24058
5.1296 719.841 0.000842182 432 3.26055
5.1403 759.284 0.000882795 564 3.28099
5.15285 668.427 0.000771494 492 3.30508
5.16233 737.988 0.000847095 984 3.32336
5.17555 717.163 0.000816901 732 3.34895
5.1871 745.868 0.000843932 624 3.37144
5.19924 692.677 0.000778273 696 3.39515
5.21144 738.632 0.000824088 576 3.41912
5.22374 666.916 0.000738833 512 3.44338
5.23366 795.876 0.000876693 504 3.46304
5.24678 747.913 0.000817698 828 3.48914
5.25858 729.639 0.00079236 756 3.51274
5.26977 829.489 0.000895066 408 3.53521
5.28236 808.726 0.000866438 792 3.56061
5.29391 799.464 0.000850923 360 3.58401
5.30491 794.795 0.000840701 624 3.6064
5.31825 810.903 0.000851301 528 3.63367
5.33025 816.515 0.000851416 588 3.65833
5.34078 847.62 0.000878631 636 3.68006
5.35248 890.679 0.000917222 528 3.7043
5.36776 859.458 0.000877536 684 3.73611
5.37791 852.263 0.000865274 432 3.75733
5.38937 882.255 0.000890022 456 3.78141
5.4015 796.841 0.00079845 552 3.80701
5.4146 891.776 0.000887108 456 3.83477
5.42557 984.938 0.000973853 564 3.85812
5.43919 972.514 0.000954364 536 3.88724
5.45109 854.377 0.000832952 456 3.91282
5.46212 915.782 0.00088742 624 3.93662
5.47675 945.72 0.000909103 432 3.96835
5.48977 1008.66 0.000962729 348 3.9967
5.49913 1052.09 0.000999053 432 4.01719
5.51302 1155.59 0.00108907 456 4.04771
5.52471 1020.43 0.0009556 504 4.07351
5.53813 1000.27 0.000929919 552 4.10327
5.5496 1000.17 0.000924074 384 4.12882
5.5626 1207.32 0.00110767 312 4.15791
5.57565 1185.36 0.00107989 360 4.18724
5.58689 937.232 0.000848704 432 4.21261
5.60105 1052.34 0.000945731 468 4.24472
5.61432 1101.02 0.000982475 348 4.27497
5.62503 1257.06 0.00111532 384 4.29946
5.63593 1150.33 0.00101472 312 4.32451
5.65165 1266.16 0.00110759 240 4.36081
5.66273 1132.66 0.000985012 464 4.3865
5.67707 1030.63 0.000889506 384 4.41991
5.69098 1162.53 0.000996003 303 4.45248
5.70162 1457.24 0.00124153 222 4.47749
5.71348 1215.94 0.0010295 390 4.5055
5.73001 1079.37 0.000905996 138 4.54471
5.74161 1191.58 0.000994127 486 4.57237
5.75492 1194.79 0.00098991 246 4.60424
5.76624 1470.71 0.00121134 216 4.63148
5.77973 1341.42 0.00109714 246 4.66405
5.79232 1420.65 0.00115438 270 4.6946
5.80523 1209.72 0.00097644 192 4.72606
5.81887 1125.82 0.000902343 294 4.75944
5.83119 1389.85 0.00110692 288 4.78973
5.8464 1384 0.00109368 240 4.82732
5.85986 1352.83 0.0010617 138 4.86073
5.8721 1252.18 0.000976575 224 4.89126
5.88358 1215.1 0.000942122 198 4.92001
5.89683 1233.77 0.000950166 216 4.95331
5.90984 1326.33 0.00101472 246 4.98619
5.92471 1518.58 0.00115307 192 5.02391
5.93553 1213.39 0.000916311 96 5.05148
5.9528 1702.42 0.00127445 246 5.0957
5.96397 1215.54 0.000904861 168 5.12443
5.97736 1592.19 0.0011773 216 5.15904
5.99124 1436.86 0.00105508 162 5.19505
6.00606 1760.25 0.001283 144 5.2337
6.02137 1517.24 0.00109746 72 5.27384
6.03325 1445.79 0.00103961 270 5.30511
6.04676 1513.68 0.00108115 120 5.34083
6.05854 1861.1 0.00132156 168 5.37209
6.0701 1783.92 0.00125953 78 5.40291
6.08691 1993.55 0.00139591 96 5.44793
6.10091 1639.21 0.00113991 152 5.48559
6.11334 1799.31 0.00124363 198 5.51919
6.1271 2047 0.00140531 108 5.55655
6.1416 2023.86 0.00137961 120 5.59609
6.169 1927.34 0.00129638 150 5.67132
6.18467 2297.06 0.00153335 216 5.71466
6.19969 2114.81 0.00140146 96 5.75639
6.21038 2682.56 0.00176854 30 5.78622
6.22257 2310.96 0.00151461 48 5.82037
6.2436 2057.9 0.00133518 120 5.87957
6.25364 2466.22 0.0015924 132 5.90798
6.26638 2286.97 0.00146768 102 5.94417
6.28193 2222.59 0.00141579 48 5.98852
6.30075 2084 0.00131565 24 6.04252
6.31417 1785.9 0.00112028 56 6.08119
6.32447 2274.5 0.00141982 174 6.11101
6.34031 2197.77 0.00136167 72 6.15704
6.35938 2611.82 0.00160368 24 6.21276
6.38581 2557.1 0.00155067 54 6.29054
6.39461 2906.36 0.0017552 132 6.31658
6.40638 2758.35 0.00165665 48 6.35154
6.41993 2200.85 0.00131347 24 6.39191
6.43712 2068.25 0.00122447 6 6.44341
6.45916 2585.72 0.00151521 48 6.50982
6.46722 3243.54 0.00189359 120 6.53422
6.48235 3983.56 0.00230937 24 6.58017
6.49695 4706.57 0.00271017 6 6.62473
6.53175 2456.16 0.00139184 56 6.73177
6.54038 3684.79 0.00207981 84 6.75847
6.55863 3874.41 0.00216863 6 6.81523
6.60542 2357.69 0.00129183 72 6.96211
6.61449 3291.22 0.00179592 30 6.99085
6.67793 3192.27 0.00169275 60 7.19394
6.68739 5300.16 0.00279859 6 7.22453
6.74992 4672.9 0.00239944 38 7.4291
6.82143 6494.62 0.00323108 18 7.66772
6.8932 6029.5 0.00290696 6 7.91231
6.96499 4436.41 0.00207343 1 8.1621
1
734
50
64
1
2.01062 43.4925 0.000844977 6 0.19635
2.84345 83.0827 0.000570684 12 0.55536
3.48249 195.933 0.000732583 8 1.02026
4.02124 114.302 0.000277584 6 1.5708
4.49588 227.751 0.000395763 24 2.19525
4.92499 280.118 0.000370293 24 2.88574
5.68689 223.647 0.000192026 12 4.44288
6.03186 514.468 0.00037019 30 5.30144
6.35814 470.56 0.000289098 24 6.20912
6.66847 342.651 0.000182471 24 7.1634
6.96499 351.52 0.000164289 8 8.1621
7.24939 329.934 0.000136755 24 9.20333
7.52305 487.032 0.000180632 48 10.2854
8.04248 233.376 7.08446e-05 6 12.5664
8.29 610.297 0.00016916 48 13.7627
8.53034 448.911 0.000114204 36 14.9947
8.76409 488.183 0.00011452 24 16.2615
8.99176 756.461 0.000164313 24 17.562
9.21382 716.272 0.000144604 48 18.8955
9.43064 940.455 0.000177066 24 20.2611
9.84998 767.317 0.000126791 24 23.0859
10.0531 877.445 0.000136377 30 24.5437
10.2522 766.874 0.000112381 72 26.0309
10.4475 1012.35 0.000140189 32 27.5471
10.8275 892.685 0.000111053 72 30.6639
11.0126 602.759 7.12676e-05 48 32.2635
11.3738 963.222 0.000103379 12 35.5431
11.5501 669.733 6.86374e-05 48 37.2221
11.7238 1169.48 0.000114606 48 38.9268
11.895 616.203 5.78165e-05 48 40.6567
12.0637 1055.42 9.49296e-05 30 42.4115
12.2301 744.755 6.42897e-05 24 44.1909
12.3943 1020.43 8.46325e-05 72 45.9944
12.7163 1205.5 9.25782e-05 24 49.6729
12.8742 859.477 6.36046e-05 96 51.5473
13.0303 733.04 5.23219e-05 48 53.4446
13.1845 740.094 5.09934e-05 24 55.3647
13.3369 810.55 5.39549e-05 24 57.3072
13.4876 970.487 6.24599e-05 72 59.2719
13.6367 982.25 6.11667e-05 48 61.2585
13.93 876.368 5.11982e-05 8 65.2968
14.0743 1334.47 7.55866e-05 54 67.3479
14.2172 1017.28 5.59007e-05 84 69.42
14.3587 1183.65 6.31391e-05 48 71.513
14.4988 1170.09 6.06238e-05 24 73.6266
14.6375 905.758 4.56067e-05 72 75.7607
14.775 1429.94 7.00097e-05 96 77.9149
15.0461 944.256 4.37762e-05 48 82.2833
15.1798 861.399 3.88886e-05 48 84.4972
15.3124 827.785 3.64087e-05 24 86.7305
15.4439 1169.87 5.01524e-05 72 88.9832
15.7034 1005.44 4.10007e-05 72 93.5459
15.8316 1115.97 4.44114e-05 96 95.8556
16.085 1779.14 6.75104e-05 6 100.531
16.2101 1481.72 5.49321e-05 96 102.896
16.3343 1009.96 3.65947e-05 96 105.28
16.4576 1036.65 3.6724e-05 24 107.682
16.58 1414.44 4.90063e-05 48 110.102
16.7015 1527.45 5.17754e-05 96 112.539
16.822 1558.66 5.17051e-05 48 114.994
17.0607 1509.05 4.79884e-05 36 119.958
17.1787 1072.51 3.34077e-05 48 122.466
17.296 1429.11 4.36163e-05 120 124.991
17.4125 1028.39 3.07606e-05 56 127.533
17.5282 1674.44 4.90999e-05 24 130.092
17.6431 1330.66 3.82614e-05 96 132.668
17.7573 902.529 2.54536e-05 48 135.261
17.9835 1228.05 3.33435e-05 24 140.496
18.0956 1091.04 2.90765e-05 102 143.139
18.2069 1232.72 3.22533e-05 48 145.798
18.3176 1349.35 3.46687e-05 72 148.473
18.4276 1953.97 4.93094e-05 48 151.164
18.537 1283.12 3.18104e-05 48 153.872
18.6457 1309.72 3.19051e-05 120 156.595
18.8613 1313.36 3.09094e-05 24 162.089
18.9681 1585.09 3.66774e-05 144 164.86
19.0744 1189.98 2.70774e-05 120 167.646
19.1801 1471.28 3.2928e-05 48 170.448
19.3897 1408.47 3.05108e-05 48 176.098
19.4937 1459.65 3.11161e-05 96 178.946
19.7 1648 3.40392e-05 24 184.687
19.8023 1787.87 3.63587e-05 48 187.58
19.9041 1290.9 2.58514e-05 108 190.489
20.0054 1275.17 2.51504e-05 72 193.412
20.1062 1462.66 2.84167e-05 30 196.35
20.2065 1741.44 3.33316e-05 168 199.302
20.3063 1611.24 3.03871e-05 48 202.269
20.5044 1493.1 2.73507e-05 72 208.248
20.6027 1593.48 2.87735e-05 96 211.258
20.7006 1543.37 2.74752e-05 72 214.283
20.798 1674.65 2.93953e-05 72 217.323
20.895 1024.93 1.77414e-05 32 220.377
20.9915 1269.16 2.16674e-05 72 223.444
21.0876 1628.58 2.74252e-05 144 226.526
21.3732 1666.85 2.69594e-05 96 235.856
21.4675 1646.28 2.6277e-05 96 238.994
21.5615 2148.23 3.38427e-05 48 242.146
21.655 1845.93 2.87051e-05 72 245.311
21.7482 1414.73 2.17183e-05 120 248.49
21.8409 1844.37 2.79547e-05 72 251.682
22.0252 1481.99 2.19029e-05 48 258.108
22.1168 1249.78 1.82426e-05 78 261.341
22.208 1563.5 2.25417e-05 120 264.588
22.2988 1679.7 2.39223e-05 48 267.847
22.4794 1635.07 2.27301e-05 144 274.407
22.5691 1966.17 2.70082e-05 144 277.706
22.7476 2313.54 3.10379e-05 12 284.345
22.8362 1761.69 2.33601e-05 144 287.683
22.9246 1707.64 2.23827e-05 48 291.035
23.0126 1855.24 2.40394e-05 120 294.399
23.1003 1916.51 2.45516e-05 48 297.777
23.1876 1909.25 2.41833e-05 48 301.167
23.2746 1341.74 1.68051e-05 168 304.57
23.4476 1736.77 2.12747e-05 48 311.414
23.5337 1753.24 2.12418e-05 96 314.855
23.6194 1952.14 2.3395e-05 96 318.309
23.7049 1705.06 2.02138e-05 72 321.775
23.79 1577.62 1.8503e-05 48 325.253
23.8748 1541.63 1.78888e-05 96 328.745
23.9593 2523.86 2.89776e-05 48 332.248
24.1274 1800.83 2.0247e-05 30 339.292
24.2111 2293.65 2.55215e-05 96 342.832
24.2944 1629.4 1.79444e-05 192 346.385
24.3775 1470.3 1.60273e-05 56 349.95
24.4602 2375.05 2.56277e-05 24 353.527
24.5427 1632.34 1.74366e-05 168 357.116
24.625 1862.68 1.96984e-05 120 360.717
24.7886 1878.53 1.94753e-05 72 367.955
24.87 1865.12 1.9147e-05 144 371.593
24.9511 1797.92 1.82776e-05 96 375.242
25.032 1647.63 1.65879e-05 96 378.902
25.193 1779.83 1.75776e-05 72 386.26
25.2731 2424.65 2.37189e-05 96 389.956
25.4325 1789.5 1.71783e-05 24 397.384
25.5119 1562.66 1.48613e-05 192 401.115
25.591 1699.19 1.60103e-05 108 404.858
25.6699 1933.95 1.80548e-05 24 408.612
25.7485 1561.78 1.44472e-05 96 412.378
25.8269 1828.49 1.67609e-05 96 416.156
25.905 1808.09 1.64243e-05 120 419.945
26.0606 2122.52 1.89373e-05 48 427.557
26.1381 1918.23 1.69629e-05 78 431.38
26.2153 1879.65 1.64753e-05 144 435.214
26.2923 2311.26 2.0081e-05 120 439.06
26.369 2776.35 2.39117e-05 24 442.917
26.4456 1575.96 1.34557e-05 168 446.785
26.5219 2085.25 1.76508e-05 144 450.665
26.6739 2659.9 2.21323e-05 24 458.457
26.7495 2604.78 2.14903e-05 48 462.37
26.825 1937.5 1.58504e-05 96 466.294
26.9003 1915.78 1.55416e-05 120 470.229
26.9753 1992.87 1.60325e-05 72 474.175
27.0501 1609.59 1.28419e-05 120 478.132
27.1247 2181.65 1.72627e-05 144 482.1
27.2734 1279.19 9.95723e-06 48 490.068
27.3474 1805.87 1.39431e-05 192 494.069
27.4212 2062.24 1.57943e-05 144 498.08
27.4948 1725.38 1.31085e-05 48 502.102
27.6414 1833.18 1.3707e-05 192 510.179
27.7145 1835.01 1.36125e-05 48 514.233
27.86 713.232 5.20846e-06 8 522.374
27.9324 2725.01 1.97452e-05 48 526.461
28.0047 2070.32 1.48856e-05 240 530.558
28.0768 1889.15 1.34786e-05 96 534.665
28.1487 1554.99 1.10096e-05 54 538.783
28.2204 2201.6 1.54693e-05 120 542.912
28.2919 1920.2 1.339e-05 120 547.051
28.4345 1859.07 1.27697e-05 84 555.36
28.5054 1827.04 1.24562e-05 144 559.531
28.5763 1839.68 1.24493e-05 72 563.712
28.6469 2414.91 1.62214e-05 96 567.903
28.7174 2394.13 1.59637e-05 48 572.104
28.7877 1886.22 1.24851e-05 96 576.316
28.8578 2175.98 1.42983e-05 240 580.538
28.9976 2449.19 1.5862e-05 24 589.013
29.0672 2095.28 1.34726e-05 240 593.266
29.1366 2312.87 1.47657e-05 96 597.529
29.2059 1971.06 1.24942e-05 72 601.802
29.2751 2196.97 1.38277e-05 72 606.085
29.344 2264.46 1.41523e-05 96 610.379
29.4128 2416.09 1.49942e-05 72 614.682
29.5499 2021.6 1.23721e-05 96 623.319
29.6183 2025.9 1.23128e-05 96 627.653
29.6864 1870.69 1.12914e-05 120 631.996
29.7544 2024.38 1.21355e-05 96 636.35
29.89 1785.47 1.05583e-05 192 645.087
29.9576 1995.67 1.17217e-05 144 649.47
30.0922 2644.66 1.53259e-05 48 658.267
30.1593 2832.59 1.63057e-05 150 662.68
30.2262 2085.48 1.19254e-05 96 667.102
30.293 1835.82 1.04285e-05 120 671.535
30.3597 1884.55 1.06349e-05 48 675.977
30.4262 1924.26 1.0788e-05 120 680.429
30.4926 1834.04 1.02152e-05 240 684.891
30.6248 2778.25 1.52746e-05 24 693.844
30.6908 1903.88 1.04e-05 144 698.335
30.7566 2058.04 1.11702e-05 216 702.835
30.8222 2374.59 1.28061e-05 48 707.346
30.8877 2179.79 1.16809e-05 72 711.865
30.9531 1856.97 9.88811e-06 144 716.395
31.0183 2356.71 1.24701e-05 96 720.934
31.2132 2610.09 1.35538e-05 144 734.608
31.3063 1951.88 1.00456e-05 236 741.202
31.4069 2089.67 1.06518e-05 72 748.367
31.4712 2327.19 1.179e-05 168 752.972
31.5353 1633.31 8.22426e-06 144 757.587
31.6633 2035.07 1.01235e-05 96 766.845
31.727 2247.24 1.11117e-05 144 771.488
31.7907 1976.15 9.7127e-06 144 776.14
31.8542 2284.11 1.11593e-05 168 780.801
31.9809 1953.97 9.43337e-06 48 790.152
32.044 2421.51 1.16216e-05 192 794.841
32.1699 1358.56 6.44391e-06 6 804.248
32.2327 2097.21 9.88946e-06 192 808.965
32.2953 2987.03 1.40036e-05 96 813.691
32.389 2283.47 1.06126e-05 192 820.795
32.4825 2432.21 1.12065e-05 216 827.924
32.5447 3082.1 1.41197e-05 72 832.687
32.6687 2079.17 9.41704e-06 96 842.24
32.7305 2513.43 1.13195e-05 96 847.03
32.8025 2455.29 1.09851e-05 288 852.628
32.9153 1318.04 5.83655e-06 24 861.454
32.9766 2405.96 1.05948e-05 264 866.28
33.0378 2472.51 1.08273e-05 192 871.115
33.16 3082.58 1.33503e-05 48 880.812
33.2209 2103.2 9.05872e-06 96 885.674
33.2817 2639.07 1.13046e-05 144 890.545
33.3423 2637.89 1.12379e-05 120 895.424
33.4029 2613.66 1.10743e-05 96 900.313
33.5056 2274.11 9.54727e-06 240 908.642
33.6441 2282.73 9.46561e-06 48 919.956
33.7041 2418.9 9.97673e-06 240 924.888
33.7897 2678.24 1.09627e-05 168 931.948
33.9432 2268.34 9.1595e-06 192 944.707
34.0027 2425.38 9.74227e-06 144 949.684
34.1213 2980.01 1.18457e-05 36 959.663
34.1805 2709.02 1.07126e-05 102 964.665
34.2565 2212.37 8.69062e-06 336 971.108
34.3575 2334 9.08775e-06 48 979.725
34.4163 2280.02 8.83219e-06 216 984.762
34.4749 1785.63 6.88176e-06 168 989.808
34.592 2348.72 8.96034e-06 120 999.925
34.6504 2379.38 9.03149e-06 192 1005
34.7087 2211.17 8.3508e-06 72 1010.08
34.78 2552.73 9.58158e-06 248 1016.31
34.8829 2761.21 1.02726e-05 96 1025.37
34.9408 2719.47 1.00671e-05 144 1030.48
35.0563 1578.45 5.78563e-06 24 1040.74
35.114 2451.99 8.94333e-06 192 1045.87
35.1847 2350.41 8.52121e-06 312 1052.21
35.2862 3214.91 1.15551e-05 96 1061.34
35.3435 2584.4 9.24382e-06 144 1066.52
35.4006 2647.17 9.42256e-06 96 1071.7
35.5146 3504.32 1.23539e-05 48 1082.09
35.6149 2734.26 9.55795e-06 408 1091.28
35.685 2336.8 8.12056e-06 144 1097.73
35.7981 2507.17 8.63027e-06 120 1108.2
35.8545 2809.45 9.62522e-06 144 1113.45
36.0181 2681.43 9.06199e-06 264 1128.76
36.0793 2144.35 7.2101e-06 96 1134.52
36.164 2752.74 9.19081e-06 198 1142.54
36.247 3163.5 1.04899e-05 168 1150.42
36.3027 2504.06 8.26511e-06 264 1155.73
36.4139 4006.62 1.31038e-05 48 1166.38
36.4832 2582.13 8.39691e-06 384 1173.05
36.58 3220.16 1.03888e-05 72 1182.42
36.6697 2578.95 8.25926e-06 192 1191.14
36.7454 2651.38 8.43883e-06 144 1198.53
36.8553 2983.25 9.41046e-06 48 1209.31
36.9101 2579.49 8.10064e-06 96 1214.72
36.9891 2672.63 8.33947e-06 324 1222.53
37.074 2241.91 6.94752e-06 48 1230.97
37.1497 2423.97 7.46584e-06 552 1238.53
37.3155 2471.62 7.51163e-06 216 1255.19
37.3997 2746.35 8.29032e-06 120 1263.7
37.4537 2368.7 7.11943e-06 120 1269.18
37.5931 2381.42 7.07835e-06 408 1283.41
37.7702 2354.93 6.90162e-06 216 1301.63
37.8296 2408 7.02396e-06 192 1307.78
37.915 2831.82 8.20453e-06 240 1316.65
38.0123 3066.54 8.81649e-06 168 1326.82
38.1759 2470.36 7.01152e-06 246 1344.03
38.2546 2226.91 6.28161e-06 216 1352.36
38.3241 3035.81 8.51684e-06 152 1359.74
38.4325 2876.34 8.00135e-06 384 1371.32
38.6227 2737.45 7.50302e-06 288 1391.78
38.7049 2629.22 7.16061e-06 336 1400.67
38.7794 3342.88 9.05183e-06 48 1408.78
38.8698 2970.55 7.98764e-06 456 1418.66
38.9874 2625.09 6.99509e-06 96 1431.57
39.0392 3031.69 8.04643e-06 192 1437.28
39.105 2847.48 7.51942e-06 264 1444.56
39.2457 2598.24 6.78769e-06 240 1460.22
39.2972 2718.37 7.07365e-06 96 1465.97
39.3999 3475.99 8.97455e-06 24 1477.5
39.4878 2742.14 7.03268e-06 336 1487.4
39.5681 2549.34 6.49848e-06 168 1496.5
39.6771 2964.79 7.49542e-06 456 1508.89
39.8372 2851.53 7.12247e-06 252 1527.24
39.9408 2776.05 6.88014e-06 312 1539.18
40.0361 2840.92 6.99076e-06 144 1550.22
40.1117 3094.2 7.57102e-06 240 1559.03
40.2124 4316.25 1.04821e-05 30 1570.8
40.2849 2960.28 7.15031e-06 432 1579.31
40.4018 2497.74 5.98086e-06 216 1593.1
40.4864 2974.75 7.07851e-06 408 1603.13
40.6125 3298.42 7.77582e-06 48 1618.16
40.6623 2783.84 6.53867e-06 192 1624.11
40.7332 2746.06 6.41629e-06 336 1632.62
40.8606 2678.16 6.19928e-06 240 1647.99
40.9101 3104.46 7.16005e-06 240 1653.98
41.0416 2749.55 6.28071e-06 216 1669.99
41.1412 3371.1 7.64468e-06 312 1682.18
41.2327 2846.39 6.41195e-06 216 1693.42
41.3034 3398.83 7.61713e-06 120 1702.15
41.4012 2928.64 6.51699e-06 72 1714.27
41.4725 3351.36 7.41927e-06 624 1723.14
41.5766 3540.27 7.77877e-06 120 1736.15
41.6654 3112.39 6.79498e-06 336 1747.29
41.7899 4228.36 9.14907e-06 32 1763.01
41.8705 2964.12 6.37665e-06 432 1773.22
41.9554 2821.44 6.03289e-06 168 1784.04
42.0448 3097.56 6.58116e-06 336 1795.47
42.1751 2678.89 5.63904e-06 144 1812.21
42.2355 3206.16 6.72002e-06 366 1820.01
42.3186 3176.16 6.618e-06 120 1830.78
42.4522 2988.98 6.1694e-06 480 1848.16
42.6285 3411.8 6.95508e-06 492 1871.29
42.718 3468.44 7.02623e-06 240 1883.09
42.819 3040.15 6.11511e-06 312 1896.49
42.9351 3451.85 6.88709e-06 96 1911.95
43.0181 3660.01 7.26021e-06 408 1923.06
43.0855 3399.95 6.71274e-06 240 1932.11
43.1797 3125.21 6.13001e-06 456 1944.82
43.3101 2615.27 5.08358e-06 72 1962.49
43.4008 3366.94 6.50372e-06 456 1974.85
43.5249 3262.59 6.2484e-06 312 1991.84
43.5892 3191.11 6.0845e-06 240 2000.68
43.7127 2942.24 5.56259e-06 216 2017.73
43.7897 3152.96 5.92958e-06 360 2028.41
43.9126 2890.64 5.39071e-06 216 2045.54
43.9586 3917.36 7.28253e-06 96 2051.97
44.1146 3229.55 5.94038e-06 480 2073.9
44.2084 4130.74 7.54977e-06 174 2087.15
44.3051 3839.29 6.97124e-06 552 2100.88
44.416 3684.92 6.64092e-06 120 2116.7
44.4802 3508.45 6.29555e-06 408 2125.89
44.5897 3786.44 6.74447e-06 408 2141.62
44.6882 3605.31 6.37944e-06 336 2155.86
44.8237 3785.65 6.63797e-06 288 2175.53
44.8881 2873.82 5.01747e-06 168 2184.91
44.9845 3479.42 6.03585e-06 336 2199.02
45.09 3572.79 6.15441e-06 312 2214.53
45.2178 3331.89 5.69091e-06 432 2233.41
45.2724 3846.25 6.5457e-06 104 2241.52
45.3771 3689.59 6.23572e-06 552 2257.1
45.5369 3350.95 5.60398e-06 204 2281.03
45.6029 4046.84 6.73844e-06 336 2290.96
45.7211 3574.58 5.90602e-06 480 2308.82
45.8492 3740.86 6.1291e-06 48 2328.28
45.9037 3941.88 6.43547e-06 504 2336.6
46.0361 3818.03 6.17964e-06 480 2356.88
46.1129 3567.9 5.74598e-06 144 2368.69
46.2336 3791.19 6.05789e-06 198 2387.34
46.3106 3956.54 6.29062e-06 600 2399.29
46.4459 3471.8 5.47181e-06 384 2420.38
46.5692 3830.63 5.98954e-06 312 2439.71
46.6638 3734.09 5.80314e-06 336 2454.6
46.7658 3732.52 5.76284e-06 120 2470.73
46.8213 3887.29 5.98048e-06 336 2479.54
46.9568 4056.55 6.187e-06 672 2501.13
47.0908 4025.07 6.08675e-06 528 2522.6
47.1532 3943.93 5.9404e-06 168 2532.64
47.2973 3923.67 5.85601e-06 456 2555.94
47.3853 3966.88 5.88758e-06 168 2570.23
47.4766 3861.08 5.69756e-06 504 2585.12
47.6139 3696.16 5.40716e-06 240 2607.6
47.7072 4110.87 5.97863e-06 408 2622.96
47.8221 4043.86 5.83889e-06 504 2641.95
47.9561 4626.48 6.6243e-06 432 2664.23
48.0191 4124.91 5.88293e-06 312 2674.74
48.15 4442.7 6.2846e-06 384 2696.68
48.2868 5092.85 7.14326e-06 126 2719.72
48.3588 4494.08 6.27528e-06 396 2731.92
48.4703 4046.49 5.61142e-06 624 2750.85
48.6138 4228.63 5.81222e-06 480 2775.35
48.6901 4202.78 5.74956e-06 384 2788.45
48.812 4254.76 5.77718e-06 488 2809.44
48.9586 4773.32 6.42323e-06 312 2834.83
49.0113 3967.56 5.32176e-06 480 2843.99
49.1194 4063.88 5.41506e-06 408 2862.85
49.2773 4302.41 5.67795e-06 360 2890.55
49.344 4377.84 5.7541e-06 408 2902.3
49.4676 4445.11 5.79882e-06 456 2924.17
49.6068 4488.06 5.80571e-06 264 2948.93
49.6993 4222.56 5.43181e-06 528 2965.45
49.812 3976.27 5.08036e-06 528 2985.67
49.9265 4776.27 6.06058e-06 240 3006.32
50.0182 4365.18 5.50855e-06 360 3022.91
50.1154 4581.58 5.74807e-06 528 3040.56
50.2655 5711.11 7.10119e-06 150 3067.96
50.3217 4139.87 5.13026e-06 600 3078.27
50.4404 4712.73 5.79905e-06 672 3100.1
50.5919 4625.39 5.64061e-06 504 3128.11
50.6988 4329.45 5.24637e-06 408 3147.99
50.7928 4496.77 5.41894e-06 264 3165.53
50.927 4505.21 5.38629e-06 600 3190.7
51.0634 4715.29 5.59241e-06 576 3216.39
51.182 4912.5 5.78589e-06 108 3238.86
51.2585 4502.26 5.27901e-06 792 3253.41
51.4023 5064.62 5.88868e-06 528 3280.87
51.525 4250.07 4.90639e-06 336 3304.41
51.6146 4584.16 5.26456e-06 456 3321.68
51.7144 4869.28 5.55969e-06 480 3340.98
51.8612 5439.11 6.15772e-06 768 3369.52
51.9736 4959.14 5.57798e-06 240 3391.48
52.063 4861.87 5.44046e-06 192 3409
52.2034 5460.25 6.06088e-06 656 3436.67
52.324 5142.71 5.66904e-06 678 3460.53
52.4546 4615.09 5.04951e-06 384 3486.52
52.5653 5210.14 5.66464e-06 528 3508.62
52.6658 5574.55 6.02619e-06 408 3528.8
52.7972 5070.27 5.44023e-06 792 3555.28
52.9261 4936.71 5.25832e-06 576 3581.39
53.059 5417.68 5.72738e-06 240 3608.43
53.1365 4929.47 5.1885e-06 552 3624.25
53.2461 4770.58 4.9903e-06 600 3646.73
53.4023 5142.6 5.3324e-06 600 3678.92
53.5394 5498.56 5.6578e-06 696 3707.33
53.6783 5227.4 5.33716e-06 384 3736.25
53.7504 5187.42 5.27505e-06 504 3751.33
53.8541 5174.04 5.23109e-06 336 3773.09
54.0102 5654.52 5.66747e-06 588 3805.98
54.1448 5451.86 5.42368e-06 744 3834.52
54.2751 6057.8 5.98319e-06 462 3862.27
54.3487 5503.58 5.41373e-06 432 3878.01
54.4687 5982.91 5.84643e-06 696 3903.75
54.6134 6008.45 5.82485e-06 600 3934.93
54.7255 6300.98 6.07096e-06 576 3959.23
54.8888 5698.34 5.44149e-06 648 3994.76
54.9991 6046.52 5.73929e-06 648 4018.9
55.0631 6869.3 6.49757e-06 288 4032.94
55.2321 6551.09 6.13988e-06 864 4070.18
55.3446 5874.93 5.47265e-06 384 4095.1
55.4791 5767.69 5.33377e-06 768 4125.03
55.6308 6060.29 5.55862e-06 528 4158.97
55.7777 5427.58 4.93905e-06 632 4192.02
55.8769 5894.5 5.33545e-06 504 4214.41
55.9853 5912.34 5.32056e-06 792 4238.98
56.1124 6892.85 6.16088e-06 504 4267.92
56.2173 6515.23 5.79081e-06 582 4291.91
56.364 6159.78 5.43226e-06 504 4325.59
56.4803 6417.45 5.62461e-06 696 4352.42
56.6386 6607.78 5.743e-06 720 4389.12
56.7622 6291.67 5.43262e-06 648 4417.91
56.9077 6480.94 5.55323e-06 660 4451.97
57.0079 6435.43 5.48519e-06 576 4475.55
57.1396 6241.47 5.28317e-06 792 4506.64
57.2421 6314.36 5.31621e-06 672 4530.94
57.3593 7007.91 5.86404e-06 336 4558.81
57.5175 7218.37 5.99044e-06 816 4596.64
57.6245 6728.17 5.55259e-06 600 4622.34
57.7601 6862.1 5.62333e-06 888 4655.04
57.9071 6480.88 5.27058e-06 504 4690.68
58.0528 6557.59 5.29292e-06 696 4726.17
58.1649 6759.91 5.42471e-06 600 4753.62
58.3208 6763.02 5.38381e-06 582 4791.94
58.4504 6782.23 5.36328e-06 1056 4823.94
58.5936 7536.02 5.91578e-06 648 4859.48
58.7208 7641.99 5.96007e-06 984 4891.2
58.8664 7563.49 5.85519e-06 648 4927.67
58.9719 7629.22 5.87441e-06 456 4954.23
59.0999 7213.56 5.51836e-06 384 4986.55
59.2123 7232.44 5.50136e-06 1160 5015.05
59.364 7383.51 5.57332e-06 552 5053.69
59.4793 6950.39 5.21593e-06 744 5083.2
59.6446 7717.43 5.74354e-06 720 5125.7
59.7633 7415.03 5.48566e-06 876 5156.37
59.9004 7732.27 5.68117e-06 552 5191.94
60.0316 7612.69 5.55672e-06 840 5226.13
60.1564 7701.24 5.58645e-06 576 5258.78
60.3063 7860.29 5.6594e-06 918 5298.2
60.4346 8093.23 5.79008e-06 720 5332.09
60.5783 8245.59 5.85721e-06 1032 5370.21
60.6985 8801.27 6.21485e-06 384 5402.25
60.8401 8047.36 5.6429e-06 1176 5440.15
61.0171 7816.07 5.43318e-06 696 5487.75
61.1506 8521.86 5.88508e-06 888 5523.85
61.2944 8298.28 5.69044e-06 744 5562.91
61.4077 8668.71 5.91162e-06 816 5593.81
61.56 8388.32 5.67804e-06 840 5635.56
61.6814 8627.78 5.80571e-06 744 5668.96
61.8235 8790.08 5.87425e-06 768 5708.22
61.9536 9117.75 6.0549e-06 792 5744.35
62.0851 8953.49 5.90814e-06 936 5780.99
62.2156 8562.48 5.61464e-06 384 5817.52
62.3727 9343 6.08027e-06 894 5861.7
62.5068 9709.09 6.27793e-06 1236 5899.59
62.6633 8941.97 5.7387e-06 752 5944.01
62.7867 9107.79 5.81071e-06 744 5979.21
62.9375 9698.84 6.14343e-06 1128 6022.4
63.1155 9704.43 6.09511e-06 960 6073.63
63.2321 10344 6.46092e-06 1056 6107.37
63.383 8685.64 5.38647e-06 624 6151.17
63.5108 9183.83 5.66111e-06 768 6188.46
63.6433 10593.8 6.48952e-06 936 6227.27
63.7967 10464.7 6.36433e-06 672 6272.41
63.9409 9560.06 5.7749e-06 984 6315.04
64.088 9916.38 5.949e-06 1056 6358.72
64.2376 10544.1 6.28148e-06 960 6403.37
64.39 9751.24 5.76799e-06 939 6449.04
64.5055 10731.8 6.31394e-06 768 6483.81
64.6629 10125.5 5.91386e-06 972 6531.38
64.8212 10323.4 5.98538e-06 852 6579.47
64.9842 10635.4 6.11998e-06 1212 6629.23
65.129 10617.6 6.06906e-06 876 6673.65
65.2424 11438.9 6.50449e-06 696 6708.56
65.3973 10249.8 5.787e-06 780 6756.47
65.5421 10254.4 5.75133e-06 1032 6801.44
65.7174 10405.3 5.78939e-06 1344 6856.18
65.8765 10581.8 5.84506e-06 648 6906.1
65.9714 12197.5 6.70847e-06 888 6935.98
66.1201 10534.8 5.755e-06 776 6982.99
66.2795 10989.9 5.96039e-06 1068 7033.61
66.4417 10813.1 5.82165e-06 936 7085.38
66.6059 12175.4 6.50674e-06 924 7138.03
66.7271 10950.1 5.82011e-06 720 7177.07
66.9022 12447.9 6.56438e-06 1404 7233.71
67.0526 12445.6 6.51913e-06 696 7282.62
67.198 10709.5 5.57339e-06 744 7330.09
67.3453 12231.5 6.32381e-06 984 7378.4
67.4752 11804.2 6.06767e-06 816 7421.18
67.6472 12006.5 6.12474e-06 1416 7478.06
67.8311 11410.3 5.77338e-06 648 7539.25
67.9345 13920.5 7.01138e-06 696 7573.77
68.093 13510.5 6.75746e-06 1068 7626.91
68.3011 13094.2 6.48957e-06 912 7697.04
68.4175 11204.9 5.52493e-06 816 7736.47
68.5511 11744.6 5.75725e-06 984 7781.88
68.7163 13777.2 6.70503e-06 1044 7838.25
68.8684 13041.1 6.30486e-06 864 7890.41
69.0527 12548.9 6.01843e-06 1032 7953.95
69.1935 14043.1 6.694e-06 660 8002.71
69.3299 13724 6.50339e-06 936 8050.12
69.4932 13653.6 6.42451e-06 1044 8107.15
69.686 12523.9 5.84417e-06 656 8174.78
69.8134 14165.6 6.57414e-06 936 8219.71
69.9469 13681.7 6.31326e-06 1032 8266.95
70.1213 13201.5 6.04635e-06 960 8328.95
70.2749 14133.7 6.43097e-06 720 8383.8
70.4393 14137.9 6.38791e-06 1272 8442.8
70.6278 13837.5 6.20226e-06 744 8510.76
70.7752 14783.6 6.58501e-06 816 8564.12
70.9082 13888.6 6.15163e-06 672 8612.5
71.0883 13906 6.11263e-06 1080 8678.31
71.2251 15430.7 6.74385e-06 888 8728.48
71.3899 13393.9 5.81322e-06 816 8789.22
71.5574 14955.5 6.44548e-06 1140 8851.26
71.7414 14373.6 6.14718e-06 936 8919.71
71.886 16317.6 6.93653e-06 660 8973.75
72.0666 15274.8 6.44457e-06 1032 9041.55
72.2058 14934.4 6.26457e-06 696 9094.05
72.3699 16298.6 6.7904e-06 816 9156.19
72.5306 16608.5 6.87365e-06 984 9217.31
72.6962 16006.8 6.57943e-06 1080 9280.59
72.8906 15612 6.36597e-06 768 9355.23
73.0527 17762.5 7.19475e-06 792 9417.81
73.1908 15373.5 6.19191e-06 920 9471.29
73.3617 16098.6 6.43871e-06 1152 9537.82
73.5362 17912.3 7.11326e-06 480 9606.02
73.687 16619.6 6.55948e-06 840 9665.23
73.8605 17193.1 6.7381e-06 960 9733.68
74.0292 16654.2 6.4824e-06 816 9800.52
74.2032 17129.3 6.62053e-06 924 9869.79
74.3601 17574.7 6.74973e-06 936 9932.55
74.5317 17150.5 6.54144e-06 840 10001.5
74.702 17346 6.57086e-06 720 10070.2
74.8543 18018.6 6.78407e-06 1020 10131.9
75.0373 18161.6 6.788e-06 672 10206.4
75.2052 16980.6 6.3042e-06 816 10275
75.3637 17713.9 6.53503e-06 672 10340.2
75.5297 18122.9 6.64192e-06 1056 10408.6
75.7432 17711 6.43622e-06 1044 10497.2
75.9026 18203.3 6.57357e-06 852 10563.5
76.0795 19656 7.04875e-06 864 10637.6
76.2353 17419.5 6.20851e-06 408 10703.1
76.3903 19868.3 7.03829e-06 912 10768.5
76.5627 18673.6 6.57046e-06 728 10841.5
76.7347 19529.7 6.8256e-06 924 10914.8
76.9342 19769.6 6.85583e-06 828 11000.2
77.0867 22609.2 7.79411e-06 816 11065.7
77.2621 20553 7.03712e-06 828 11141.4
77.4291 20331.3 6.91629e-06 912 11213.8
77.635 20775.2 7.01118e-06 648 11303.5
77.767 19036.5 6.39176e-06 672 11361.3
77.9768 20006 6.66319e-06 864 11453.5
78.1274 19799 6.55619e-06 708 11520
78.2808 20629 6.79097e-06 720 11588
78.4939 22080.6 7.2098e-06 984 11682.8
78.6474 21249.1 6.89776e-06 768 11751.5
78.8764 22563.2 7.26072e-06 852 11854.5
79.0431 23793.9 7.6084e-06 624 11929.8
79.1928 22579.4 7.17918e-06 804 11997.7
79.3899 20678.4 6.5259e-06 792 12087.5
79.5792 24376.8 7.63833e-06 540 12174.2
79.7425 21936.5 6.83152e-06 816 12249.3
79.9013 24999.4 7.73903e-06 696 12322.6
80.1024 25076.9 7.70474e-06 968 12415.8
80.2822 25976.7 7.92767e-06 576 12499.7
80.4649 24080.5 7.29904e-06 840 12585.2
80.6569 24794.1 7.4618e-06 672 12675.5
80.8166 22443.5 6.71444e-06 648 12750.9
81.0358 26124.2 7.75232e-06 648 12855
81.2141 26889.2 7.9269e-06 768 12940
81.384 24557.5 7.19428e-06 792 13021.4
81.5626 23555.3 6.85541e-06 684 13107.3
81.7288 29656.1 8.57845e-06 624 13187.6
81.9149 26471.6 7.60522e-06 744 13277.9
82.0937 26956.3 7.69396e-06 504 13365
82.2782 29979.3 8.49937e-06 564 13455.3
82.5114 28985 8.14798e-06 924 13570.1
82.6935 28679.8 8.00906e-06 792 13660.1
82.8856 30861 8.5584e-06 612 13755.5
83.0614 28686.1 7.90485e-06 648 13843.3
83.2351 24810.4 6.79414e-06 528 13930.3
83.4178 32269.5 8.77879e-06 624 14022.2
83.6102 29263 7.90607e-06 440 14119.5
83.7626 29706.4 7.98215e-06 552 14196.8
83.9729 28598.7 7.62693e-06 828 14304
84.1594 30714 8.1367e-06 756 14399.5
84.3716 31494.9 8.28077e-06 456 14508.7
84.5478 29515.1 7.7118e-06 744 14599.8
84.7463 30975.4 8.03663e-06 336 14702.9
84.8926 30126.5 7.77605e-06 576 14779.2
85.1145 31418.4 8.04627e-06 624 14895.3
85.3205 32842.8 8.35027e-06 564 15003.8
85.4942 34611.4 8.7464e-06 756 15095.6
85.6907 29331.5 7.36126e-06 312 15199.9
85.8975 31454 7.83707e-06 804 15310.2
86.104 38604.2 9.5496e-06 456 15420.9
86.297 30084.9 7.39232e-06 528 15524.9
86.5011 33449.2 8.16095e-06 504 15635.3
86.7078 32363.7 7.83976e-06 504 15747.6
86.8742 48163.8 1.16002e-05 516 15838.5
87.0788 34828.1 8.32936e-06 440 15950.6
87.2614 39110.2 9.29486e-06 576 16051.2
87.4342 35482.7 8.38285e-06 456 16146.7
87.6327 37749.1 8.85783e-06 408 16256.9
87.8587 38892.9 9.05597e-06 444 16383.1
88.0202 42461.6 9.83261e-06 396 16473.6
88.2446 40984.9 9.41846e-06 540 16599.8
88.4489 40548.8 9.25379e-06 480 16715.4
88.6487 39342.3 8.91788e-06 504 16829
88.819 42593.8 9.59949e-06 336 16926.2
89.0174 43217.3 9.67505e-06 312 17039.8
89.2463 41505 9.2204e-06 480 17171.6
89.4395 36963 8.15829e-06 336 17283.3
89.6318 46164.4 1.01237e-05 432 17395.1
89.8636 48441.8 1.05411e-05 480 17530.4
90.0748 49943.8 1.07917e-05 408 17654.3
90.2477 38040.6 8.17255e-06 168 17756.2
90.4644 49775.7 1.0617e-05 320 17884.4
90.6541 45843.8 9.71711e-06 480 17997.1
90.8876 44818.9 9.42685e-06 312 18136.6
91.0843 46662.1 9.75111e-06 279 18254.5
91.2684 48507.5 1.00755e-05 276 18365.5
91.4322 48352.3 9.98941e-06 318 18464.5
91.7277 45416.9 9.29257e-06 234 18644.1
91.9034 48256.5 9.81703e-06 456 18751.5
92.1316 36454.3 7.3611e-06 222 18891.5
92.2863 52822.1 1.06127e-05 174 18986.8
92.5052 55853 1.11421e-05 312 19122.3
92.7372 59926.2 1.18652e-05 270 19266.5
92.9626 49904 9.80914e-06 192 19407.3
93.1497 58063.3 1.13443e-05 294 19524.7
93.3369 50994.6 9.9034e-06 240 19642.7
93.5616 55934.7 1.07847e-05 246 19784.9
93.8062 66580.2 1.27371e-05 132 19940.5
93.9913 53584.2 1.01905e-05 272 20058.7
94.1966 56793.1 1.07303e-05 150 20190.4
94.3835 49982.9 9.38757e-06 240 20310.9
94.5992 61238.1 1.1423e-05 246 20450.4
94.8573 64532.5 1.19395e-05 216 20618.3
95.0961 69957.2 1.28459e-05 24 20774.4
95.272 58818.7 1.07409e-05 318 20889.9
95.5061 49130.9 8.90596e-06 144 21044.3
95.6847 73026.5 1.31636e-05 216 21162.5
95.8871 65705.8 1.17691e-05 114 21297.1
96.0969 61317.6 1.09113e-05 144 21437.2
96.3839 39612.9 6.98623e-06 120 21629.9
96.5504 54814.5 9.61729e-06 222 21742.2
96.7946 57820.3 1.00681e-05 192 21907.6
97.0145 79402 1.37322e-05 144 22057.2
97.1984 63912.6 1.09908e-05 30 22182.9
97.4476 61422.5 1.04818e-05 152 22353.9
97.6714 57639.2 9.76866e-06 120 22508.3
97.8238 65068.6 1.09763e-05 174 22613.8
98.079 77921.7 1.30422e-05 156 22791.3
98.3218 95731.6 1.59047e-05 72 22961
98.6229 68363.4 1.12541e-05 24 23172.5
98.7549 88154.2 1.4454e-05 174 23265.7
98.9987 71484.3 1.16343e-05 192 23438.5
99.229 67026.3 1.0833e-05 72 23602.4
99.4437 87029.3 1.3975e-05 54 23756
99.5815 63704.9 1.01872e-05 24 23854.8
99.8976 75116.4 1.18984e-05 120 24082.7
100.081 95377.5 1.50247e-05 156 24215.9
100.279 87591.5 1.3717e-05 78 24359.3
100.511 56114.7 8.72685e-06 48 24529
100.812 61149.8 9.42492e-06 24 24750.1
101.066 89658.1 1.37149e-05 104 24937.8
101.243 88264.3 1.34312e-05 150 25068.6
101.491 109419 1.65281e-05 48 25253.9
101.75 150755 2.2599e-05 24 25447.4
102.207 122786 1.81604e-05 102 25791.9
102.382 120776 1.77719e-05 108 25924.2
102.62 189207 2.76476e-05 48 26106
102.994 21738.5 3.14206e-06 6 26392.2
103.376 97324 1.39117e-05 96 26686.9
103.522 102952 1.46537e-05 72 26800.6
103.718 130654 1.84921e-05 24 26952.4
103.951 99875.1 1.40407e-05 6 27134.9
104.54 105534 1.45868e-05 92 27599
104.687 135502 1.86501e-05 48 27715.6
104.938 99545.8 1.36032e-05 6 27915.2
105.687 100523 1.3447e-05 72 28516.8
105.832 104282 1.38925e-05 30 28634.5
106.847 152475 1.97394e-05 60 29466.4
106.998 137080 1.76711e-05 6 29591.7
107.957 293371 3.68198e-05 8 30394.6
108.01 118434 1.48425e-05 30 30438.9
109.143 222009 2.69652e-05 18 31407
110.291 426406 5.01903e-05 6 32408.8
111.44 71081.8 8.11067e-06 1 33431.9
1
509
50
64
1
32.1699 1276.9 6.05659e-06 6 804.248
45.4951 1926.06 3.22994e-06 12 2274.76
55.7199 1557 1.42127e-06 8 4178.99
64.3398 1975.75 1.17142e-06 6 6433.98
71.9341 7498.46 3.18117e-06 24 8991.76
78.7999 15089 4.86973e-06 24 11820
90.9902 9132 1.91426e-06 12 18198
96.5097 18533.4 3.25583e-06 30 21714.7
101.73 25999.4 3.89973e-06 24 25432.5
106.696 25122.7 3.26624e-06 24 29341.3
111.44 40042.1 4.56894e-06 8 33431.9
115.99 25580.1 2.58855e-06 24 37696.8
120.369 41008 3.71319e-06 48 42129.1
128.68 24680.5 1.82913e-06 6 51471.9
132.64 42326.5 2.86424e-06 48 56372
136.485 62361.5 3.87327e-06 36 61418.4
140.225 79157.6 4.53349e-06 24 66607.1
143.868 43650.1 2.31478e-06 24 71934.1
147.421 63989.5 3.15391e-06 48 77396
150.89 54704.5 2.51454e-06 24 82989.6
157.6 113361 4.57316e-06 24 94559.8
160.85 130314 4.94483e-06 30 100531
164.035 92270.1 3.3012e-06 72 106623
167.16 143829 4.86264e-06 32 112833
173.24 119385 3.62595e-06 72 125599
176.202 141352 4.08028e-06 48 132151
181.98 190912 5.0024e-06 12 145584
184.802 192376 4.81338e-06 48 152462
187.581 105526 2.52472e-06 48 159444
190.32 191028 4.37587e-06 48 166530
193.019 156630 3.43947e-06 30 173718
195.682 227925 4.80352e-06 24 181006
198.309 185972 3.76568e-06 72 188393
203.46 170963 3.2054e-06 24 203460
205.988 127031 2.29511e-06 96 211138
208.485 128537 2.23988e-06 48 218909
210.952 338089 5.68721e-06 24 226774
213.391 185673 3.01745e-06 24 234730
215.802 183966 2.8906e-06 72 242778
218.187 184025 2.79775e-06 48 250915
222.88 398169 5.67905e-06 8 267456
225.189 276317 3.82105e-06 54 275857
227.476 319265 4.28319e-06 84 284345
229.739 316862 4.12652e-06 48 292917
231.981 233368 2.95193e-06 24 301575
234.2 244373 3.00407e-06 72 310316
236.4 409352 4.89301e-06 96 319139
240.738 343643 3.88951e-06 48 337033
242.877 280872 3.09576e-06 48 346100
244.999 460099 4.94059e-06 24 355248
247.102 289461 3.02957e-06 72 364475
251.255 417642 4.15795e-06 72 383164
253.306 336337 3.26782e-06 96 392624
257.359 459029 4.25246e-06 6 411775
259.362 457455 4.14046e-06 96 421463
261.35 418723 3.70409e-06 96 431227
263.322 304115 2.63025e-06 24 441064
265.28 373452 3.15894e-06 48 450976
267.223 356444 2.94977e-06 96 460960
269.153 366097 2.96496e-06 48 471017
272.971 446092 3.46334e-06 36 491347
274.86 539849 4.10543e-06 48 501619
276.736 613213 4.56914e-06 120 511962
278.6 531061 3.87813e-06 56 522374
280.451 473034 3.38643e-06 24 532856
282.29 562233 3.94685e-06 96 543408
284.117 416536 2.86801e-06 48 554028
287.736 721418 4.78214e-06 24 575473
289.529 631079 4.10607e-06 102 586297
291.311 590915 3.77463e-06 48 597187
293.082 645701 4.05028e-06 72 608145
294.842 702967 4.33098e-06 48 619168
296.592 527196 3.19091e-06 48 630258
298.331 643798 3.82888e-06 120 641413
301.78 548191 3.14977e-06 24 663917
303.49 636108 3.59349e-06 144 675266
305.191 805110 4.47262e-06 120 686679
306.881 634099 3.4647e-06 48 698155
310.235 612076 3.23706e-06 48 721297
311.899 714865 3.72051e-06 96 732962
315.199 1.07333e+06 5.41251e-06 24 756479
316.837 663856 3.29599e-06 48 768329
318.466 776796 3.79785e-06 108 780241
320.087 783463 3.77256e-06 72 792214
321.699 576070 2.73241e-06 30 804248
323.304 849410 3.96922e-06 168 816342
324.9 853720 3.93084e-06 48 828495
328.07 969520 4.33588e-06 72 852982
329.643 1.09624e+06 4.83274e-06 96 865314
331.209 911801 3.96289e-06 72 877705
332.768 881634 3.77818e-06 72 890155
334.319 1.21529e+06 5.13588e-06 32 902663
335.864 907219 3.78131e-06 72 915229
337.401 976013 4.0127e-06 144 927852
341.971 971361 3.8356e-06 96 966068
343.481 1.07585e+06 4.19243e-06 96 978920
344.984 970272 3.73179e-06 48 991829
346.481 1.42577e+06 5.41295e-06 72 1.00479e+06
347.971 1.08145e+06 4.05322e-06 120 1.01781e+06
349.455 1.21389e+06 4.49186e-06 72 1.03089e+06
352.404 1.05892e+06 3.82087e-06 48 1.05721e+06
353.869 831735 2.96399e-06 78 1.07045e+06
355.328 950276 3.34488e-06 120 1.08375e+06
356.782 1.10932e+06 3.85718e-06 48 1.0971e+06
359.671 1.05295e+06 3.57366e-06 144 1.12397e+06
361.106 1.11845e+06 3.75087e-06 144 1.13748e+06
363.961 811221 2.65702e-06 12 1.16468e+06
365.38 1.35949e+06 4.40111e-06 144 1.17835e+06
366.793 1.17247e+06 3.75195e-06 48 1.19208e+06
368.201 1.16102e+06 3.67283e-06 120 1.20586e+06
369.604 1.25822e+06 3.93518e-06 48 1.21969e+06
371.001 1.28764e+06 3.98186e-06 48 1.23358e+06
372.394 1.43942e+06 4.4015e-06 168 1.24752e+06
375.162 1.15454e+06 3.45278e-06 48 1.27555e+06
376.539 1.16323e+06 3.44078e-06 96 1.28965e+06
377.911 1.33855e+06 3.91639e-06 96 1.30379e+06
379.278 1.2233e+06 3.54064e-06 72 1.31799e+06
380.639 1.14039e+06 3.26537e-06 48 1.33224e+06
381.997 1.28396e+06 3.63741e-06 96 1.34654e+06
383.349 1.44248e+06 4.0434e-06 48 1.36089e+06
386.039 1.28923e+06 3.53881e-06 30 1.38974e+06
387.377 1.45488e+06 3.95226e-06 96 1.40424e+06
388.71 1.47825e+06 3.97455e-06 192 1.41879e+06
390.039 1.99519e+06 5.3098e-06 56 1.43339e+06
391.364 906869 2.38903e-06 24 1.44805e+06
392.684 1.17318e+06 3.05953e-06 168 1.46275e+06
393.999 1.91136e+06 4.93488e-06 120 1.4775e+06
396.617 1.25398e+06 3.17392e-06 72 1.50715e+06
397.92 1.81817e+06 4.55688e-06 144 1.52204e+06
399.218 1.69494e+06 4.20672e-06 96 1.53699e+06
400.512 1.48651e+06 3.65376e-06 96 1.55198e+06
403.088 1.44664e+06 3.48803e-06 72 1.58212e+06
404.369 1.90707e+06 4.55462e-06 96 1.59726e+06
406.921 2.16789e+06 5.08074e-06 24 1.62768e+06
408.19 1.2715e+06 2.95222e-06 192 1.64297e+06
409.456 1.68592e+06 3.87825e-06 108 1.6583e+06
410.718 1.73737e+06 3.95987e-06 24 1.67368e+06
411.976 1.46508e+06 3.30876e-06 96 1.6891e+06
413.23 1.90258e+06 4.25781e-06 96 1.70457e+06
414.48 1.6056e+06 3.56078e-06 120 1.72009e+06
416.97 1.6568e+06 3.60892e-06 48 1.75127e+06
418.209 1.67292e+06 3.61172e-06 78 1.76693e+06
419.444 1.81294e+06 3.87955e-06 144 1.78264e+06
420.676 1.66764e+06 3.53735e-06 120 1.79839e+06
421.904 1.66413e+06 3.49917e-06 24 1.81419e+06
423.129 1.56236e+06 3.25674e-06 168 1.83003e+06
424.35 2.29475e+06 4.74221e-06 144 1.84592e+06
426.782 1.42089e+06 2.88643e-06 24 1.87784e+06
427.993 1.76639e+06 3.55792e-06 48 1.89387e+06
429.2 1.46888e+06 2.93377e-06 96 1.90994e+06
430.404 1.77483e+06 3.51517e-06 120 1.92606e+06
431.605 1.83293e+06 3.60005e-06 72 1.94222e+06
432.802 2.36165e+06 4.60011e-06 120 1.95843e+06
433.996 1.51694e+06 2.93043e-06 144 1.97468e+06
436.374 1.8571e+06 3.52922e-06 48 2.00732e+06
437.558 1.83928e+06 3.46706e-06 192 2.02371e+06
438.739 1.93868e+06 3.62499e-06 144 2.04014e+06
439.917 2.66887e+06 4.95034e-06 48 2.05661e+06
442.263 1.76079e+06 3.2143e-06 192 2.08969e+06
443.432 1.93606e+06 3.50638e-06 48 2.1063e+06
445.759 2.64989e+06 4.7244e-06 8 2.13964e+06
446.919 1.79545e+06 3.1762e-06 48 2.15638e+06
448.075 2.41169e+06 4.23339e-06 240 2.17316e+06
449.228 1.95082e+06 3.3981e-06 96 2.18999e+06
450.379 2.32178e+06 4.01334e-06 54 2.20686e+06
451.526 2.09725e+06 3.59766e-06 120 2.22377e+06
452.671 1.78492e+06 3.03873e-06 120 2.24072e+06
454.951 2.72321e+06 4.56675e-06 84 2.27476e+06
456.087 2.62066e+06 4.36201e-06 144 2.29184e+06
457.22 1.71979e+06 2.84131e-06 72 2.30896e+06
458.351 1.90899e+06 3.13061e-06 96 2.32613e+06
459.478 2.74648e+06 4.47097e-06 48 2.34334e+06
460.603 2.62492e+06 4.24186e-06 96 2.36059e+06
461.725 2.62434e+06 4.21008e-06 240 2.37788e+06
463.961 2.42943e+06 3.84131e-06 24 2.4126e+06
465.075 2.83152e+06 4.44499e-06 240 2.43002e+06
466.186 2.88281e+06 4.49321e-06 96 2.44748e+06
467.295 2.85616e+06 4.42007e-06 72 2.46498e+06
468.401 2.10306e+06 3.23161e-06 72 2.48252e+06
469.504 3.27991e+06 5.00453e-06 96 2.50011e+06
470.605 3.29366e+06 4.99033e-06 72 2.51774e+06
472.799 2.3304e+06 3.48193e-06 96 2.55312e+06
473.892 2.08182e+06 3.08904e-06 96 2.57087e+06
474.983 2.02015e+06 2.97693e-06 120 2.58866e+06
476.071 2.35954e+06 3.45327e-06 96 2.60649e+06
478.24 2.82267e+06 4.07514e-06 192 2.64228e+06
479.321 2.79048e+06 4.00147e-06 144 2.66023e+06
481.475 2.70853e+06 3.83205e-06 48 2.69626e+06
482.549 2.66802e+06 3.74961e-06 150 2.71434e+06
483.62 2.62056e+06 3.65849e-06 96 2.73245e+06
484.689 3.08597e+06 4.2798e-06 120 2.75061e+06
485.755 2.6764e+06 3.68739e-06 48 2.7688e+06
486.819 2.59026e+06 3.54535e-06 120 2.78704e+06
487.881 2.99645e+06 4.07461e-06 240 2.80531e+06
489.997 2.51919e+06 3.38142e-06 24 2.84199e+06
491.052 2.7565e+06 3.67616e-06 144 2.86038e+06
492.105 3.15572e+06 4.18163e-06 216 2.87881e+06
493.155 2.58157e+06 3.39901e-06 48 2.89729e+06
494.204 3.06528e+06 4.01026e-06 72 2.9158e+06
495.249 3.50857e+06 4.56119e-06 144 2.93435e+06
496.293 2.70221e+06 3.49079e-06 96 2.95294e+06
499.411 2.35101e+06 2.98057e-06 144 3.00895e+06
500.446 2.79039e+06 3.5157e-06 132 3.0277e+06
501.479 2.97215e+06 3.72161e-06 104 3.04649e+06
502.51 2.7862e+06 3.46735e-06 72 3.06531e+06
503.539 3.11802e+06 3.85656e-06 168 3.08417e+06
504.565 3.41807e+06 4.20193e-06 144 3.10308e+06
506.612 3.06289e+06 3.71984e-06 96 3.141e+06
507.633 2.99784e+06 3.61892e-06 144 3.16001e+06
509.198 2.97028e+06 3.5527e-06 312 3.18934e+06
511.694 3.20745e+06 3.7805e-06 48 3.23646e+06
512.704 3.65829e+06 4.28646e-06 192 3.25567e+06
514.719 4.0266e+06 4.66282e-06 6 3.2942e+06
515.723 3.71891e+06 4.2814e-06 192 3.31352e+06
517.225 3.08154e+06 3.51681e-06 192 3.34256e+06
518.724 3.08371e+06 3.48886e-06 96 3.37171e+06
519.721 3.90878e+06 4.39694e-06 216 3.39118e+06
520.715 3.35928e+06 3.7572e-06 72 3.41069e+06
523.193 3.45335e+06 3.8078e-06 192 3.45961e+06
524.675 3.31842e+06 3.6281e-06 240 3.48909e+06
525.661 4.30179e+06 4.67685e-06 48 3.50878e+06
526.644 3.46481e+06 3.74583e-06 24 3.52852e+06
527.626 3.51288e+06 3.77663e-06 264 3.54828e+06
528.606 3.25884e+06 3.48407e-06 192 3.56809e+06
530.56 4.10956e+06 4.34522e-06 48 3.60781e+06
531.534 4.33341e+06 4.55676e-06 96 3.62772e+06
532.507 3.79584e+06 3.96965e-06 144 3.64767e+06
533.478 2.55683e+06 2.65934e-06 120 3.66766e+06
534.861 4.27053e+06 4.40736e-06 168 3.69627e+06
536.38 4.27931e+06 4.37902e-06 168 3.72784e+06
539.106 3.97929e+06 4.01054e-06 288 3.78497e+06
540.225 3.45001e+06 3.45555e-06 96 3.80858e+06
541.182 5.03042e+06 5.01181e-06 72 3.82886e+06
543.498 3.71258e+06 3.65175e-06 336 3.87824e+06
545.941 3.48463e+06 3.38172e-06 36 3.93078e+06
547.552 4.00855e+06 3.85595e-06 342 3.96566e+06
548.778 3.50588e+06 3.34987e-06 96 3.99236e+06
549.72 2.87427e+06 2.73227e-06 48 4.01295e+06
550.66 3.71159e+06 3.51017e-06 216 4.03359e+06
551.599 4.23218e+06 3.98211e-06 168 4.05425e+06
553.472 4.58233e+06 4.26795e-06 120 4.09569e+06
554.406 4.44302e+06 4.11731e-06 192 4.11647e+06
556.016 4.84059e+06 4.4469e-06 264 4.15242e+06
557.199 3.47608e+06 3.17306e-06 56 4.17899e+06
558.683 4.43907e+06 4.0199e-06 240 4.21246e+06
560.902 6.33815e+06 5.67182e-06 24 4.26285e+06
562.334 4.82786e+06 4.28736e-06 432 4.2956e+06
563.662 4.45806e+06 3.93105e-06 72 4.32611e+06
564.58 4.21626e+06 3.69974e-06 96 4.34726e+06
565.861 4.42511e+06 3.85669e-06 240 4.37693e+06
568.84 4.02699e+06 3.45485e-06 144 4.44643e+06
570.052 4.09123e+06 3.48762e-06 312 4.47491e+06
570.959 4.19492e+06 3.559e-06 144 4.4963e+06
572.769 4.18954e+06 3.52086e-06 120 4.53919e+06
573.672 3.69877e+06 3.09376e-06 144 4.56069e+06
575.473 3.82009e+06 3.16533e-06 24 4.60378e+06
576.371 4.40022e+06 3.629e-06 240 4.62538e+06
577.716 5.28871e+06 4.33138e-06 192 4.65783e+06
579.058 4.93164e+06 4.01092e-06 102 4.69037e+06
580.496 5.17178e+06 4.17506e-06 432 4.72539e+06
583.382 4.6513e+06 3.69942e-06 336 4.79623e+06
584.395 4.23263e+06 3.34896e-06 96 4.82126e+06
585.28 4.71241e+06 3.71168e-06 72 4.84319e+06
586.715 4.52299e+06 3.53642e-06 192 4.8789e+06
587.927 4.95198e+06 3.84795e-06 144 4.90919e+06
589.684 6.61307e+06 5.09289e-06 48 4.95335e+06
591.132 4.39597e+06 3.36063e-06 276 4.98992e+06
592.311 4.36216e+06 3.31492e-06 144 5.01983e+06
593.946 4.92632e+06 3.71279e-06 384 5.06154e+06
594.926 5.9419e+06 4.45611e-06 216 5.08662e+06
596.663 5.72721e+06 4.25771e-06 120 5.1313e+06
597.53 5.83411e+06 4.31834e-06 96 5.15369e+06
598.827 5.26552e+06 3.87219e-06 240 5.18733e+06
601.489 6.15127e+06 4.46376e-06 408 5.25684e+06
603.561 4.06006e+06 2.91601e-06 24 5.31134e+06
604.418 5.46177e+06 3.90608e-06 192 5.33399e+06
605.558 5.57738e+06 3.96628e-06 288 5.36423e+06
606.981 6.4825e+06 4.5776e-06 144 5.40213e+06
608.197 5.62255e+06 3.94657e-06 168 5.43467e+06
610.381 5.93719e+06 4.12285e-06 120 5.49343e+06
611.228 5.67368e+06 3.9235e-06 126 5.51634e+06
612.349 5.74499e+06 3.95105e-06 320 5.54673e+06
613.763 6.70659e+06 4.58058e-06 48 5.58524e+06
614.921 6.44146e+06 4.37469e-06 384 5.61691e+06
617.964 6.34619e+06 4.24662e-06 288 5.70072e+06
619.278 6.4837e+06 4.31108e-06 336 5.73716e+06
621.066 6.22002e+06 4.10014e-06 168 5.787e+06
622.136 6.4595e+06 4.23605e-06 336 5.81698e+06
623.798 6.95572e+06 4.52512e-06 96 5.8637e+06
625.04 6.58428e+06 4.25798e-06 384 5.89881e+06
626.281 3.74828e+06 2.40959e-06 72 5.93402e+06
627.932 6.16879e+06 3.93444e-06 240 5.98105e+06
628.755 6.22959e+06 3.95763e-06 96 6.00461e+06
631.055 5.65443e+06 3.55309e-06 120 6.07075e+06
632.038 6.79051e+06 4.24709e-06 240 6.09917e+06
633.09 5.96037e+06 3.70934e-06 168 6.12966e+06
634.833 6.23706e+06 3.84965e-06 456 6.18043e+06
636.932 6.53637e+06 3.99464e-06 108 6.24193e+06
637.744 6.26203e+06 3.81238e-06 144 6.26583e+06
639.053 6.71356e+06 4.06221e-06 312 6.3045e+06
640.577 6.30792e+06 3.78959e-06 144 6.34971e+06
641.788 6.41468e+06 3.83196e-06 240 6.38579e+06
644.113 5.84439e+06 3.45361e-06 270 6.45544e+06
645.005 7.48949e+06 4.40741e-06 192 6.4823e+06
646.429 5.69233e+06 3.32772e-06 216 6.52534e+06
647.783 6.59857e+06 3.83338e-06 408 6.56642e+06
649.8 7.06461e+06 4.06601e-06 48 6.62796e+06
650.993 6.54499e+06 3.74627e-06 384 6.66454e+06
652.185 7.22993e+06 4.11568e-06 144 6.7012e+06
654.165 6.7839e+06 3.82681e-06 480 6.76243e+06
656.665 8.35534e+06 4.65963e-06 216 6.84026e+06
658.26 6.35972e+06 3.521e-06 312 6.8902e+06
659.723 6.91735e+06 3.80431e-06 216 6.93625e+06
660.855 8.37698e+06 4.58342e-06 120 6.97202e+06
663.062 6.31907e+06 3.42303e-06 408 7.0421e+06
664.091 7.50339e+06 4.04571e-06 336 7.07493e+06
666.101 6.99629e+06 3.73824e-06 264 7.13939e+06
667.089 8.37713e+06 4.45618e-06 144 7.17121e+06
669.272 5.69299e+06 2.99884e-06 176 7.24182e+06
670.378 7.41517e+06 3.88671e-06 384 7.27779e+06
672.32 8.43052e+06 4.38073e-06 312 7.34121e+06
673.266 7.54194e+06 3.9025e-06 96 7.37227e+06
674.802 7.94973e+06 4.08549e-06 144 7.42282e+06
675.769 6.82436e+06 3.4921e-06 366 7.45478e+06
677.098 7.82542e+06 3.98082e-06 120 7.49886e+06
679.235 7.31149e+06 3.6844e-06 480 7.57007e+06
682.312 7.66886e+06 3.81243e-06 636 7.67342e+06
684.395 8.64445e+06 4.2583e-06 240 7.74393e+06
685.453 8.61707e+06 4.22519e-06 168 7.77989e+06
687.338 8.05762e+06 3.91847e-06 192 7.84424e+06
688.752 8.8919e+06 4.29759e-06 504 7.89277e+06
690.629 7.48185e+06 3.58669e-06 408 7.95747e+06
691.466 8.4991e+06 4.05957e-06 96 7.98643e+06
693.504 9.37727e+06 4.43966e-06 264 8.05725e+06
694.927 7.41019e+06 3.48684e-06 264 8.10695e+06
696.399 8.3161e+06 3.88835e-06 312 8.15857e+06
697.427 9.37038e+06 4.36195e-06 240 8.19477e+06
699.403 9.4505e+06 4.36207e-06 216 8.2646e+06
700.635 9.81767e+06 4.50768e-06 360 8.30835e+06
702.828 9.13128e+06 4.15341e-06 312 8.38662e+06
704.807 8.45426e+06 3.81315e-06 48 8.45769e+06
705.948 8.07905e+06 3.62628e-06 432 8.49883e+06
707.334 8.80875e+06 3.93061e-06 174 8.54898e+06
708.881 9.51197e+06 4.21667e-06 552 8.6052e+06
711.142 8.58127e+06 3.76793e-06 360 8.68778e+06
712.52 8.07922e+06 3.52694e-06 384 8.73838e+06
714.107 9.14659e+06 3.96634e-06 192 8.7969e+06
715.012 9.58631e+06 4.14125e-06 336 8.8304e+06
717.18 7.08801e+06 3.03431e-06 288 8.91096e+06
718.732 1.00311e+07 4.26648e-06 312 8.96893e+06
720.395 8.29786e+06 3.50489e-06 360 9.03135e+06
722.213 9.95134e+06 4.17163e-06 144 9.09988e+06
723.655 8.68825e+06 3.62041e-06 536 9.15449e+06
725.786 7.75037e+06 3.20122e-06 360 9.23563e+06
726.499 9.06081e+06 3.73149e-06 192 9.26286e+06
728.591 1.00673e+07 4.11039e-06 204 9.3431e+06
729.98 9.39545e+06 3.81421e-06 480 9.39666e+06
731.872 9.33421e+06 3.76004e-06 336 9.46989e+06
733.587 9.31496e+06 3.72603e-06 48 9.53663e+06
734.698 1.04305e+07 4.15335e-06 624 9.58002e+06
736.871 9.7564e+06 3.85066e-06 360 9.66529e+06
738.157 1.01536e+07 3.98652e-06 192 9.71598e+06
740.391 1.00972e+07 3.9286e-06 486 9.80447e+06
741.432 9.83513e+06 3.81053e-06 264 9.84588e+06
743.135 1.125e+07 4.3288e-06 384 9.91388e+06
745.108 1.10595e+07 4.22182e-06 312 9.99304e+06
746.621 1.04058e+07 3.94816e-06 336 1.0054e+07
748.741 1.03582e+07 3.89681e-06 408 1.01399e+07
750.325 1.05094e+07 3.92872e-06 48 1.02044e+07
751.414 1.26578e+07 4.7113e-06 744 1.02489e+07
753.62 1.21987e+07 4.50065e-06 456 1.03395e+07
754.949 1.01803e+07 3.73616e-06 264 1.03943e+07
757.007 1.10038e+07 4.00554e-06 360 1.04795e+07
758.768 9.8229e+06 3.55085e-06 384 1.05528e+07
759.918 1.18642e+07 4.2693e-06 288 1.06009e+07
762.055 1.15229e+07 4.1117e-06 336 1.06905e+07
763.524 1.02771e+07 3.64603e-06 312 1.07525e+07
765.153 1.10547e+07 3.89693e-06 504 1.08214e+07
767.527 1.1374e+07 3.97239e-06 624 1.09225e+07
768.719 1.45856e+07 5.07039e-06 120 1.09735e+07
770.4 9.92051e+06 3.42613e-06 384 1.10456e+07
772.588 1.45343e+07 4.97701e-06 126 1.114e+07
773.939 1.18498e+07 4.03657e-06 492 1.11985e+07
775.664 1.14137e+07 3.8621e-06 528 1.12736e+07
777.82 1.13083e+07 3.79471e-06 480 1.13678e+07
779.173 1.15866e+07 3.86787e-06 440 1.14273e+07
781.11 1.21725e+07 4.03332e-06 432 1.15127e+07
783.338 1.3748e+07 4.51662e-06 312 1.16115e+07
784.488 1.33334e+07 4.36114e-06 648 1.16627e+07
786.289 1.16726e+07 3.79176e-06 240 1.17432e+07
788.436 1.29697e+07 4.1788e-06 360 1.18397e+07
789.504 1.21458e+07 3.89746e-06 408 1.18878e+07
791.481 1.2973e+07 4.13178e-06 456 1.19774e+07
793.709 1.31454e+07 4.15155e-06 264 1.20788e+07
795.189 1.24844e+07 3.92081e-06 528 1.21465e+07
796.991 1.45318e+07 4.53294e-06 528 1.22293e+07
799.165 1.33181e+07 4.12054e-06 384 1.23296e+07
801.308 1.38032e+07 4.23643e-06 600 1.24291e+07
802.315 1.34316e+07 4.1069e-06 144 1.2476e+07
804.725 1.22659e+07 3.71685e-06 582 1.25888e+07
806.535 1.39839e+07 4.20899e-06 600 1.26739e+07
807.824 1.38838e+07 4.1589e-06 336 1.27348e+07
810.017 1.49219e+07 4.43363e-06 648 1.28388e+07
812.306 1.27626e+07 3.76009e-06 408 1.29479e+07
813.841 1.58289e+07 4.63715e-06 24 1.30215e+07
814.832 1.38983e+07 4.05673e-06 600 1.30691e+07
817.014 1.42696e+07 4.13183e-06 576 1.31743e+07
819.348 1.5772e+07 4.52795e-06 348 1.32876e+07
820.438 1.58266e+07 4.52553e-06 576 1.33407e+07
822.485 1.43515e+07 4.07317e-06 504 1.34408e+07
824.579 1.44594e+07 4.0726e-06 432 1.35437e+07
826.407 1.46989e+07 4.11266e-06 576 1.3634e+07
828.101 1.61298e+07 4.48538e-06 384 1.3718e+07
830.047 1.48543e+07 4.10171e-06 744 1.38149e+07
832.387 1.29069e+07 3.53399e-06 288 1.39321e+07
834.404 1.52188e+07 4.13685e-06 192 1.40336e+07
835.578 1.48667e+07 4.02413e-06 590 1.40929e+07
837.283 1.73909e+07 4.67869e-06 600 1.41794e+07
839.505 1.79483e+07 4.79043e-06 528 1.42926e+07
841.39 1.43752e+07 3.81102e-06 384 1.43891e+07
842.654 1.67282e+07 4.41491e-06 408 1.4454e+07
844.756 1.53062e+07 4.00954e-06 792 1.45624e+07
846.818 1.7047e+07 4.43298e-06 576 1.46694e+07
849.495 1.62041e+07 4.17409e-06 552 1.48089e+07
851.293 1.6872e+07 4.31867e-06 648 1.49031e+07
852.486 1.66184e+07 4.23593e-06 216 1.49659e+07
854.654 1.59148e+07 4.02576e-06 720 1.50804e+07
856.957 1.9052e+07 4.78059e-06 552 1.52026e+07
859.175 1.55063e+07 3.86085e-06 672 1.53209e+07
860.949 1.68036e+07 4.15806e-06 408 1.5416e+07
862.409 1.70722e+07 4.20309e-06 216 1.54946e+07
864.296 1.70118e+07 4.16087e-06 516 1.55965e+07
866.317 1.73635e+07 4.21722e-06 744 1.57062e+07
868.587 1.93712e+07 4.66804e-06 606 1.583e+07
870.216 1.7331e+07 4.15301e-06 456 1.59192e+07
871.669 1.84511e+07 4.39933e-06 528 1.59991e+07
874.13 1.77867e+07 4.20521e-06 792 1.6135e+07
875.855 1.90742e+07 4.48301e-06 384 1.62307e+07
878.476 1.9198e+07 4.47182e-06 864 1.63769e+07
880.617 1.67924e+07 3.88302e-06 720 1.64969e+07
882.769 1.66358e+07 3.81875e-06 144 1.66181e+07
884.074 1.92189e+07 4.3922e-06 840 1.66919e+07
885.875 1.95101e+07 4.43162e-06 312 1.67941e+07
887.718 1.8506e+07 4.1774e-06 720 1.68992e+07
890.093 1.82188e+07 4.07976e-06 528 1.70352e+07
892.444 1.83576e+07 4.07844e-06 632 1.71705e+07
894.432 2.0724e+07 4.57353e-06 864 1.72855e+07
896.406 2.08912e+07 4.58003e-06 432 1.74002e+07
898.196 2.03541e+07 4.43565e-06 744 1.75047e+07
899.789 2.16053e+07 4.68337e-06 342 1.7598e+07
902.06 2.02196e+07 4.34998e-06 624 1.77315e+07
904.079 2.138e+07 4.56887e-06 696 1.78509e+07
906.484 2.37553e+07 5.03616e-06 696 1.79937e+07
908.393 2.17352e+07 4.5789e-06 552 1.81076e+07
910.522 2.09256e+07 4.37749e-06 660 1.82353e+07
912.562 2.22958e+07 4.63294e-06 912 1.83581e+07
915.226 2.30218e+07 4.74213e-06 864 1.85193e+07
916.668 2.26319e+07 4.63985e-06 408 1.8607e+07
918.714 1.90947e+07 3.88858e-06 336 1.87319e+07
920.905 2.34079e+07 4.73302e-06 1032 1.88662e+07
922.889 2.25107e+07 4.52231e-06 480 1.89884e+07
924.425 2.31564e+07 4.62888e-06 648 1.90834e+07
926.577 2.45083e+07 4.86506e-06 528 1.9217e+07
929.212 2.43603e+07 4.79465e-06 912 1.93814e+07
930.965 2.33858e+07 4.57689e-06 360 1.94913e+07
933.312 2.18792e+07 4.24982e-06 726 1.96391e+07
935.391 2.34067e+07 4.51627e-06 912 1.97706e+07
937.757 2.5499e+07 4.88284e-06 888 1.9921e+07
939.879 2.4806e+07 4.71802e-06 744 2.00566e+07
941.862 2.46101e+07 4.65127e-06 648 2.01837e+07
943.716 2.54327e+07 4.77846e-06 552 2.03032e+07
946.435 2.63502e+07 4.90831e-06 816 2.04792e+07
948.192 2.23205e+07 4.13461e-06 824 2.05935e+07
950.619 2.34148e+07 4.30419e-06 600 2.0752e+07
952.37 2.35034e+07 4.29668e-06 744 2.08669e+07
955.074 2.62665e+07 4.76113e-06 804 2.10451e+07
956.936 2.36372e+07 4.25958e-06 768 2.11685e+07
959.306 2.66061e+07 4.75916e-06 624 2.13261e+07
961.278 2.73503e+07 4.86222e-06 888 2.14579e+07
963.622 2.64965e+07 4.67616e-06 384 2.16152e+07
965.398 2.65501e+07 4.65979e-06 1110 2.1735e+07
967.952 2.77176e+07 4.82629e-06 720 2.1908e+07
969.867 3.06724e+07 5.30922e-06 888 2.20383e+07
972.37 2.79963e+07 4.80868e-06 624 2.22093e+07
973.946 2.96037e+07 5.06012e-06 744 2.23175e+07
976.55 3.01364e+07 5.11009e-06 936 2.24969e+07
978.801 3.10357e+07 5.22634e-06 648 2.26529e+07
980.87 3.00734e+07 5.03232e-06 912 2.27968e+07
982.768 3.0864e+07 5.13474e-06 648 2.29294e+07
984.96 2.91247e+07 4.8131e-06 840 2.30832e+07
987.035 2.96992e+07 4.87716e-06 816 2.32294e+07
989.468 3.06709e+07 4.99966e-06 840 2.34016e+07
991.577 2.97833e+07 4.82407e-06 744 2.35515e+07
993.773 3.00223e+07 4.83061e-06 1032 2.37084e+07
996.5 2.89878e+07 4.62598e-06 390 2.39041e+07
998.67 3.24676e+07 5.14759e-06 1224 2.40606e+07
1000.89 3.26989e+07 5.1498e-06 852 2.42216e+07
1003.28 3.40799e+07 5.32908e-06 1040 2.43953e+07
1005.72 3.58567e+07 5.56621e-06 600 2.45738e+07
1007.33 3.34189e+07 5.16299e-06 840 2.46917e+07
1009.98 3.46136e+07 5.30544e-06 1152 2.48877e+07
1012.07 3.38527e+07 5.15675e-06 960 2.50425e+07
1014.5 3.09845e+07 4.68606e-06 672 2.5223e+07
1017 3.53592e+07 5.30831e-06 1104 2.54101e+07
1019.11 3.47931e+07 5.19101e-06 648 2.55683e+07
1021.63 3.51626e+07 5.20739e-06 816 2.57586e+07
1023.76 3.67382e+07 5.40682e-06 1008 2.592e+07
1026.24 3.5319e+07 5.16043e-06 1008 2.61085e+07
1028.23 3.79304e+07 5.50986e-06 648 2.62607e+07
1.06828e+06
262144
262144
