0.999987
733
50
64
1.00001
0.125664 0.15868 0.0126274 6 4.79369e-05
0.177715 0.647772 0.018225 12 0.000135586
0.217656 1.29635 0.0198532 8 0.000249087
0.251327 0.7028 0.00699089 6 0.000383495
0.280993 1.02746 0.0073131 24 0.000535951
0.307812 1.00953 0.00546614 24 0.000704526
0.355431 0.806763 0.00283727 12 0.00108469
0.376991 2.28954 0.00674799 30 0.0012943
0.397384 1.62277 0.00408364 24 0.0015159
0.416779 1.6207 0.00353511 24 0.00174888
0.435312 3.52785 0.00675348 8 0.0019927
0.453087 1.49476 0.00253773 24 0.00224691
0.470191 3.05617 0.00464276 48 0.00251109
0.502655 1.91661 0.00238311 6 0.00306796
0.518125 3.06987 0.00348527 48 0.00336003
0.533146 2.93084 0.00305403 36 0.00366082
0.547755 2.46304 0.00236663 24 0.00397009
0.561985 3.10629 0.00276368 24 0.00428761
0.575863 4.08401 0.00337713 48 0.00461316
0.589415 3.74777 0.00289021 24 0.00494657
0.615624 3.73977 0.00253115 24 0.00563621
0.628319 3.49558 0.00222536 30 0.00599211
0.640762 4.3268 0.00259715 72 0.00635521
0.652968 5.52873 0.00313596 32 0.00672536
0.67672 6.19775 0.00315811 72 0.0074863
0.688288 5.65228 0.00273736 48 0.00787684
0.710861 3.4615 0.0015217 12 0.00867751
0.721883 5.04034 0.00211582 48 0.00908743
0.732739 6.33095 0.00254121 48 0.0095036
0.743437 7.79167 0.00299446 48 0.00992595
0.753982 4.97851 0.00183415 30 0.0103544
0.764382 3.3891 0.00119832 24 0.0107888
0.774643 4.61541 0.00156792 72 0.0112291
0.794767 6.12897 0.00192791 24 0.0121272
0.80464 6.73386 0.00204117 96 0.0125848
0.814394 6.32519 0.00184922 48 0.013048
0.824032 10.1823 0.00287365 24 0.0135168
0.833559 6.76969 0.00184578 24 0.013991
0.842978 7.92785 0.00208991 72 0.0144707
0.852293 6.08768 0.00155276 48 0.0149557
0.870624 9.50147 0.00227363 8 0.0159416
0.879646 7.52973 0.00174693 54 0.0164424
0.888577 9.97519 0.00224521 84 0.0169483
0.897418 8.98984 0.0019642 48 0.0174592
0.906174 8.63754 0.00183305 24 0.0179753
0.914846 8.50906 0.00175492 72 0.0184963
0.923436 8.50114 0.00170481 96 0.0190222
0.940381 14.2378 0.00270365 48 0.0200887
0.94874 10.5767 0.00195582 48 0.0206292
0.957026 7.71957 0.00139072 24 0.0211744
0.965241 10.929 0.00191907 72 0.0217244
0.981465 13.1059 0.00218909 72 0.0228383
0.989477 7.49572 0.00122184 96 0.0234022
1.00531 9.00801 0.00140007 6 0.0245437
1.01313 8.57392 0.00130197 96 0.0251212
1.0209 11.2716 0.00167287 96 0.0257031
1.0286 13.3349 0.00193493 24 0.0262895
1.03625 11.7349 0.00166536 48 0.0268803
1.04384 8.93885 0.00124108 96 0.0274754
1.05138 12.3735 0.00168127 48 0.0280748
1.06629 10.3256 0.00134495 36 0.0292866
1.07367 10.6101 0.0013537 48 0.0298988
1.081 13.6603 0.00170766 120 0.0305153
1.08828 14.5946 0.0017881 56 0.0311359
1.09551 13.2927 0.00159655 24 0.0317607
1.10269 16.2851 0.00191798 96 0.0323896
1.10983 10.8052 0.00124819 48 0.0330226
1.12397 10.1399 0.00112769 24 0.0343009
1.13097 18.7718 0.00204913 102 0.034946
1.13793 10.8501 0.0011628 48 0.0355951
1.14485 13.2714 0.00139665 72 0.0362483
1.15173 14.7168 0.00152119 48 0.0369053
1.15856 15.6029 0.00158441 48 0.0375663
1.16536 10.4345 0.00104115 120 0.0382312
1.17883 18.3117 0.0017652 24 0.0395725
1.18551 12.1735 0.00115377 144 0.040249
1.19215 16.7292 0.0015592 120 0.0409292
1.19876 13.365 0.00122517 48 0.0416133
1.21186 13.9229 0.00123537 48 0.0429927
1.21835 15.1118 0.00131952 96 0.043688
1.23125 14.8235 0.00125411 24 0.0450896
1.23764 22.0921 0.00184022 48 0.045796
1.24401 12.9688 0.00106378 108 0.046506
1.25034 13.893 0.00112236 72 0.0472196
1.25664 15.6249 0.00124339 30 0.0479369
1.2629 14.9655 0.00117327 168 0.0486577
1.26914 13.7544 0.00106251 48 0.0493822
1.28152 16.7014 0.00125312 72 0.0508417
1.28767 16.957 0.00125416 96 0.0515767
1.29379 16.8651 0.00122976 72 0.0523153
1.29988 16.0064 0.00115082 72 0.0530574
1.30594 23.0286 0.00163276 32 0.0538029
1.31197 15.5737 0.00108903 72 0.0545519
1.31797 17.4351 0.00120261 144 0.0553043
1.33582 19.2077 0.00127247 96 0.0575821
1.34172 19.1164 0.00124979 96 0.0583482
1.34759 17.7848 0.0011476 48 0.0591176
1.35344 17.5645 0.00111877 72 0.0598904
1.35926 16.8089 0.00105694 120 0.0606665
1.36506 18.9311 0.00117528 72 0.0614459
1.37658 24.4103 0.00147772 48 0.0630147
1.3823 15.1853 0.000907892 78 0.063804
1.388 24.0767 0.00142183 120 0.0645966
1.39368 17.3497 0.0010121 48 0.0653925
1.40496 19.7455 0.00112433 144 0.0669939
1.41057 17.5431 0.000987052 144 0.0677994
1.42172 4.73336 0.000260103 12 0.06942
1.42727 17.0494 0.000926006 144 0.0702351
1.43279 24.279 0.00130348 48 0.0710534
1.43829 18.4101 0.000977098 120 0.0718748
1.44377 23.2532 0.00122015 48 0.0726994
1.44922 20.4337 0.00106013 48 0.0735271
1.45466 22.3191 0.00114501 168 0.0743579
1.46548 23.342 0.00117117 48 0.0760288
1.47086 21.1043 0.00104732 96 0.0768689
1.47621 20.069 0.000985138 96 0.0777121
1.48155 20.6184 0.00100121 72 0.0785583
1.48687 16.5755 0.000796277 48 0.0794076
1.49217 19.1287 0.000909175 96 0.0802599
1.49746 21.6422 0.00101779 48 0.0811152
1.50796 22.0614 0.00101597 30 0.082835
1.51319 19.3624 0.000882464 96 0.0836993
1.5184 18.737 0.000845201 192 0.0845667
1.52359 21.4781 0.00095898 56 0.085437
1.52876 22.3234 0.000986639 24 0.0863103
1.53392 26.3371 0.00115234 168 0.0871865
1.53906 26.2755 0.00113816 120 0.0880657
1.54929 22.9156 0.000973097 72 0.0898329
1.55437 25.5127 0.00107278 144 0.0907208
1.55945 24.0422 0.00100111 96 0.0916117
1.5645 25.1682 0.00103788 96 0.0925055
1.57456 24.2518 0.000981037 72 0.0943017
1.57957 20.4704 0.00082022 96 0.0952041
1.58953 27.4725 0.00108021 24 0.0970175
1.59449 20.0748 0.000781993 192 0.0979284
1.59944 22.902 0.000883876 108 0.0988422
1.60437 21.9377 0.000838882 24 0.0997588
1.60928 24.5302 0.00092945 96 0.100678
1.61418 27.3798 0.001028 96 0.101601
1.61906 27.3886 0.00101906 120 0.102526
1.62879 23.9988 0.000877034 48 0.104384
1.63363 20.5027 0.000742628 78 0.105317
1.63845 27.5857 0.000990379 144 0.106254
1.64327 18.9219 0.000673382 120 0.107192
1.64806 13.5096 0.000476584 24 0.108134
1.65285 21.5519 0.000753716 168 0.109078
1.65762 21.2841 0.000737941 144 0.110026
1.66712 20.3048 0.000692023 24 0.111928
1.67185 33.517 0.00113265 48 0.112883
1.67656 21.7538 0.000728947 96 0.113841
1.68127 29.1734 0.000969387 120 0.114802
1.68596 25.0904 0.000826778 72 0.115765
1.69063 24.3065 0.000794318 120 0.116731
1.6953 22.9212 0.000742883 144 0.1177
1.70459 20.2319 0.00064506 48 0.119646
1.70921 25.5644 0.000808478 192 0.120622
1.71382 20.9019 0.000655703 144 0.121602
1.71843 23.1681 0.000720971 48 0.122584
1.72759 22.0381 0.000674951 192 0.124555
1.73215 34.8663 0.00105941 48 0.125545
1.74125 17.5051 0.000523605 8 0.127533
1.74578 27.1802 0.000806689 48 0.12853
1.75029 28.5454 0.000840665 240 0.129531
1.7548 25.6776 0.000750398 96 0.130533
1.75929 22.2434 0.00064507 54 0.131539
1.76377 22.1697 0.000638043 120 0.132547
1.76825 29.6376 0.000846517 120 0.133557
1.77715 25.8885 0.000728369 84 0.135586
1.78159 22.2767 0.000622081 144 0.136604
1.78602 26.6755 0.000739392 72 0.137625
1.79043 22.6175 0.000622288 96 0.138648
1.79484 13.9532 0.000381081 48 0.139674
1.79923 23.3185 0.000632207 96 0.140702
1.80361 23.7539 0.000639327 240 0.141733
1.81235 32.4234 0.000860108 24 0.143802
1.8167 30.7157 0.000808968 240 0.14484
1.82104 25.9284 0.000678012 96 0.145881
1.82537 27.1411 0.000704684 72 0.146924
1.82969 31.5465 0.000813276 72 0.14797
1.834 20.274 0.000518991 96 0.149018
1.8383 24.0363 0.000610994 72 0.150069
1.84687 25.6512 0.000643009 96 0.152178
1.85114 25.3775 0.000631757 96 0.153236
1.8554 32.4954 0.000803393 120 0.154296
1.85965 28.5505 0.000701031 96 0.155359
1.86813 23.1298 0.000560239 192 0.157492
1.87235 26.6516 0.000641185 144 0.158562
1.88076 29.2651 0.000694654 48 0.16071
1.88496 26.3277 0.000620767 150 0.161787
1.88914 27.2567 0.000638411 96 0.162867
1.89331 30.4698 0.000708959 120 0.163949
1.89748 24.7286 0.000571594 48 0.165034
1.9044 26.6569 0.000609473 360 0.166846
1.91405 22.3492 0.000503291 24 0.169396
1.91817 26.086 0.000583666 144 0.170492
1.92229 26.5918 0.000591172 216 0.171591
1.92639 36.8558 0.000814131 48 0.172692
1.93048 22.9275 0.000503245 72 0.173795
1.93457 32.0558 0.000699156 144 0.174901
1.93865 25.897 0.000561272 96 0.176009
1.95083 22.7692 0.000484297 144 0.179348
1.95487 26.3079 0.000556101 132 0.180465
1.9589 24.5243 0.000515202 104 0.181585
1.96293 29.9727 0.000625794 72 0.182707
1.9688 28.8962 0.000597939 312 0.18435
1.97895 28.1282 0.000573131 96 0.187218
1.98294 30.202 0.000611684 144 0.188351
1.98692 27.9895 0.000563476 144 0.189487
1.99089 29.5336 0.000591012 168 0.190625
1.9988 30.1173 0.000595561 48 0.192908
2.00275 24.9143 0.000489766 192 0.194053
2.01062 54.1663 0.00105235 6 0.19635
2.01454 26.3742 0.000509412 192 0.197501
2.01846 34.0663 0.000654162 96 0.198655
2.02237 27.2802 0.000520821 96 0.199811
2.02627 31.5247 0.000598385 96 0.200969
2.03113 29.6601 0.000558958 288 0.20242
2.04179 24.831 0.000460657 96 0.205625
2.04566 27.2629 0.000502914 96 0.206794
2.04951 28.7173 0.000526758 240 0.207966
2.05464 26.4374 0.000481316 72 0.209531
2.06104 27.0314 0.000487562 264 0.211494
2.06487 29.2741 0.000525083 192 0.212675
2.0725 39.4949 0.000700613 48 0.215042
2.07858 28.955 0.000509144 240 0.216942
2.0839 27.5168 0.000480163 120 0.218609
2.08768 27.1858 0.000471812 96 0.219803
2.09146 39.7397 0.000685955 72 0.220999
2.09523 27.1631 0.00046634 168 0.222196
2.10276 29.7884 0.000505942 48 0.224599
2.10651 28.247 0.000477203 240 0.225803
2.11025 25.0356 0.000420701 96 0.227009
2.11399 32.3239 0.0005403 72 0.228218
2.12145 27.2536 0.000450762 192 0.230641
2.12517 29.2991 0.000482054 144 0.231856
2.13258 30.1125 0.000490285 36 0.234293
2.13628 30.96 0.000501469 102 0.235514
2.13998 25.487 0.000410688 240 0.236737
2.14489 30.7047 0.000491372 144 0.238372
2.15102 32.1506 0.000510126 216 0.24042
2.15468 24.3053 0.000383681 168 0.241652
2.162 20.8593 0.000325951 120 0.244122
2.16565 34.8068 0.000541153 192 0.24536
2.16929 37.5871 0.00058144 72 0.246601
2.17375 31.2979 0.00048118 248 0.248123
2.18018 26.4251 0.000402677 96 0.250334
2.1838 35.699 0.000541297 144 0.251582
2.19102 40.8809 0.000613762 24 0.254086
2.19462 23.6472 0.000353281 192 0.25534
2.19822 30.4481 0.000452656 240 0.256597
2.20385 28.2312 0.000416487 168 0.258576
2.20897 29.1603 0.000427213 144 0.26038
2.21254 33.8641 0.000493728 96 0.261645
2.21966 31.2117 0.000450687 48 0.264181
2.22322 26.5328 0.000381292 96 0.265452
2.22788 28.909 0.000412834 456 0.267127
2.2393 27.5953 0.000388076 264 0.271255
2.25113 27.6136 0.000382243 264 0.275577
2.25495 29.6051 0.00040773 96 0.276983
2.25845 21.5386 0.00029526 96 0.278275
2.26412 29.9843 0.00040796 270 0.280373
2.26892 28.8289 0.000389756 264 0.282161
2.27587 31.0859 0.000416431 48 0.284761
2.27933 30.8589 0.000411507 288 0.286064
2.28428 24.8069 0.000328661 168 0.287929
2.2897 29.3544 0.00038615 72 0.289986
2.29502 28.7316 0.000375334 264 0.292013
2.30574 32.8497 0.000423176 144 0.296121
2.3103 29.523 0.000378073 180 0.297883
2.31457 31.5408 0.000401684 192 0.299536
2.32053 29.3151 0.000370467 336 0.301857
2.32393 27.574 0.000346936 216 0.303186
2.33222 26.6134 0.000331293 216 0.306442
2.33748 28.3999 0.00035115 120 0.308521
2.34086 24.9711 0.000307421 120 0.309859
2.34759 28.1551 0.000343644 168 0.312542
2.35095 33.5369 0.000407578 240 0.313886
2.35766 45.4969 0.000548224 24 0.31658
2.36268 31.3772 0.000375682 384 0.318606
2.36968 28.4853 0.00033804 240 0.321449
2.37435 26.6956 0.000314939 96 0.32335
2.37767 35.9925 0.000422842 72 0.324709
2.3843 28.8562 0.000336182 120 0.327434
2.3897 30.7442 0.000355757 342 0.329662
2.39526 29.1068 0.000334471 152 0.331968
2.4008 29.6746 0.000338638 240 0.334279
2.40409 28.2971 0.000321596 144 0.335654
2.41392 30.6471 0.000344065 288 0.339789
2.41719 32.9979 0.000368955 144 0.341171
2.42111 27.749 0.000308764 240 0.342832
2.42936 27.4957 0.000302835 456 0.346353
2.43887 28.5983 0.000311312 288 0.350433
2.44406 28.5601 0.000308917 264 0.352677
2.45378 25.7002 0.000274695 336 0.356899
2.4625 28.6537 0.000303022 24 0.360717
2.46799 28.2934 0.000297219 336 0.363135
2.4721 30.1936 0.000315601 120 0.364953
2.47799 28.9633 0.000300588 312 0.367567
2.48166 29.439 0.00030417 192 0.369204
2.48983 27.0369 0.000276611 252 0.372861
2.49435 29.0209 0.000295296 120 0.374899
2.49838 30.089 0.000304686 264 0.376717
2.50626 27.7386 0.000278246 312 0.380291
2.51327 35.9337 0.000357439 30 0.383495
2.51781 30.9924 0.000306625 432 0.385574
2.52268 43.278 0.000425696 48 0.387818
2.52757 29.2409 0.000285958 384 0.390075
2.53205 31.4679 0.000306104 192 0.392156
2.54077 30.1503 0.000290279 240 0.39622
2.54582 29.2448 0.000279887 336 0.398589
2.55379 23.9801 0.000227361 240 0.402342
2.55688 29.9846 0.000283261 240 0.403804
2.56305 33.2926 0.000312246 72 0.406733
2.56736 28.4109 0.000265122 240 0.408788
2.57322 29.2807 0.000271377 312 0.411594
2.57993 33.2461 0.000305728 240 0.414826
2.58757 28.6376 0.000261022 72 0.418522
2.59203 29.9901 0.000271943 624 0.420688
2.59853 26.646 0.000239809 120 0.423864
2.60409 29.2379 0.000261457 336 0.426585
2.61187 36.9998 0.000327917 32 0.430423
2.6169 29.5404 0.000260299 432 0.432916
2.62221 27.0967 0.000237319 168 0.435557
2.6278 30.9607 0.000269435 336 0.438346
2.63594 26.9514 0.000232377 144 0.442434
2.63972 28.4085 0.00024389 366 0.444339
2.64492 24.6725 0.000210571 120 0.446967
2.65326 28.0248 0.000236932 480 0.451211
2.66428 31.5214 0.000263198 492 0.456859
2.66987 29.3425 0.00024347 240 0.45974
2.67619 30.6621 0.000252622 312 0.46301
2.68344 28.7172 0.000234685 96 0.466785
2.68863 27.3349 0.000222098 408 0.469497
2.69284 32.361 0.000261703 240 0.471707
2.69873 28.1185 0.000225909 456 0.474809
2.70688 27.0804 0.00021561 72 0.479123
2.71076 27.0552 0.000214484 288 0.481189
2.71683 32.2008 0.000253572 288 0.484424
2.72304 32.3777 0.000253224 432 0.487753
2.73011 21.3849 0.000165953 72 0.491567
2.73575 36.3367 0.000280243 504 0.49462
2.74454 29.2007 0.000223052 216 0.499399
2.74741 37.0101 0.000281818 96 0.50097
2.75545 31.2056 0.000235546 240 0.505378
2.7597 29.113 0.000218736 336 0.507722
2.76676 26.9099 0.000200641 318 0.511626
2.77189 28.2949 0.000209798 432 0.514479
2.78001 27.4877 0.00020203 408 0.519017
2.78504 29.6209 0.000216534 264 0.521835
2.79217 31.8723 0.000231212 480 0.525853
2.80296 31.4226 0.000225325 456 0.531978
2.81153 33.2319 0.000236127 336 0.536869
2.81554 24.5207 0.000173487 168 0.53917
2.82487 29.3437 0.00020556 576 0.544548
2.82953 27.0934 0.000188861 104 0.547245
2.83607 27.4473 0.000190007 552 0.55105
2.84345 27.8964 0.000191617 12 0.55536
2.84874 30.6813 0.000209573 528 0.558468
2.85591 30.636 0.000207691 288 0.562698
2.86006 32.9473 0.00022239 192 0.565151
2.86869 31.4546 0.000210404 552 0.570281
2.8752 28.3063 0.000188061 240 0.574176
2.88034 30.0398 0.00019851 384 0.577263
2.8896 34.2466 0.000224142 198 0.582847
2.89406 29.4498 0.000191858 552 0.58555
2.90238 35.3193 0.000228123 432 0.590613
2.90933 28.2017 0.00018085 168 0.594863
2.91327 27.2851 0.000174262 264 0.597286
2.91939 29.9752 0.000190242 336 0.601056
2.92556 27.5381 0.00017367 288 0.60488
2.93454 29.5909 0.000184908 720 0.610468
2.94056 30.8807 0.000191786 168 0.61423
2.94525 30.2933 0.000187241 528 0.617171
2.95376 26.0806 0.000159812 192 0.622541
2.95925 27.1944 0.000165711 432 0.626018
2.96729 27.4769 0.000166076 504 0.631132
2.97587 32.0261 0.000191904 240 0.636622
2.98089 32.0942 0.000191342 312 0.639847
2.98815 28.145 0.000166576 600 0.644539
2.99491 30.4401 0.000178942 48 0.648922
2.99918 29.5266 0.000172833 696 0.6517
3.00938 29.2097 0.000169246 384 0.65837
3.01593 21.5621 0.000124122 30 0.66268
3.02167 27.8279 0.000159279 492 0.666471
3.02841 33.7463 0.000191868 432 0.670942
3.0342 30.0707 0.000169994 384 0.674795
3.04153 29.0768 0.000163188 672 0.6797
3.04919 28.9935 0.000161498 248 0.684846
3.05283 28.584 0.000158648 264 0.687303
3.06204 29.5793 0.000162694 768 0.693546
3.06903 29.6093 0.00016175 312 0.698302
3.07584 27.0033 0.000146537 216 0.702959
3.08277 29.8478 0.000160883 648 0.707724
3.09092 29.9719 0.000160277 312 0.713351
3.09517 30.6043 0.000162985 216 0.716299
3.10388 31.023 0.000163829 576 0.722359
3.11228 27.1742 0.000142344 672 0.728245
3.11889 35.3494 0.000183993 96 0.732894
3.1238 28.7308 0.00014884 408 0.73636
3.13172 31.6141 0.000162537 624 0.741972
3.14159 30.9779 0.000157769 150 0.749014
3.14511 30.2297 0.000153443 600 0.751531
3.15252 31.5953 0.000159245 672 0.75686
3.16092 32.9512 0.000164759 336 0.762924
3.1656 30.4766 0.000151712 408 0.766316
3.17307 27.8552 0.000137685 408 0.771756
3.18231 29.1089 0.000142633 552 0.778513
3.18964 27.6981 0.000134786 456 0.783907
3.19571 25.6843 0.000124275 300 0.788395
3.20366 28.6219 0.000137461 792 0.794289
3.21265 29.0408 0.000138306 528 0.800993
3.22031 29.0546 0.000137385 336 0.806742
3.22591 26.4019 0.000124193 456 0.810957
3.23215 30.1111 0.000140823 480 0.815669
3.24132 30.0066 0.000139145 768 0.822637
3.24835 24.7336 0.000113951 240 0.827997
3.25394 30.6756 0.0001406 192 0.832276
3.26271 30.4541 0.000138461 656 0.83903
3.27025 30.1805 0.000136271 678 0.844856
3.27841 29.5832 0.000132578 384 0.8512
3.28398 29.947 0.000133528 384 0.855541
3.29068 30.7015 0.000136057 528 0.860789
3.2991 29.4972 0.000129722 696 0.867415
3.30639 31.0071 0.000135462 576 0.873179
3.31307 35.1423 0.000152601 264 0.87848
3.32052 29.5981 0.000127662 648 0.884423
3.32788 30.6593 0.000131365 600 0.890316
3.33764 32.3122 0.000137235 600 0.898173
3.34351 27.5025 0.000116194 312 0.902918
3.34936 29.7795 0.000125157 480 0.907662
3.35716 30.985 0.000129317 672 0.914021
3.365 32.9342 0.000136493 456 0.920441
3.37499 29.7129 0.000122052 492 0.928665
3.38233 30.8749 0.000126001 576 0.934738
3.38758 26.8969 0.000109259 408 0.93909
3.39515 30.8282 0.000124391 750 0.945405
3.40393 31.2693 0.000125197 648 0.952761
3.41233 27.264 0.000108357 528 0.959825
3.41962 29.6654 0.000117149 696 0.965989
3.42896 35.1533 0.000137688 336 0.973934
3.4335 28.8287 0.000112469 576 0.977802
3.44013 30.0833 0.000116687 672 0.983479
3.4511 31.5209 0.000121101 672 0.992914
3.45775 30.8901 0.000117993 576 0.998667
3.46691 33.8517 0.000128284 672 1.00663
3.47439 31.8294 0.000119843 336 1.01315
3.48107 31.6153 0.000118353 536 1.01901
3.48797 33.6842 0.000125351 576 1.02508
3.49649 33.5029 0.000123767 912 1.03261
3.50527 30.4816 0.000111762 600 1.04041
3.51254 32.2695 0.000117584 624 1.04689
3.52153 31.0101 0.000112131 438 1.05496
3.52932 33.428 0.000120076 816 1.06198
3.53991 32.1846 0.000114575 720 1.07156
3.5467 32.4381 0.000114816 456 1.07774
3.55445 31.1335 0.000109479 708 1.08482
3.56096 30.8345 0.000107834 528 1.09079
3.56743 28.2453 9.82424e-05 600 1.09675
3.5764 31.584 0.000109031 1056 1.10504
3.58417 33.1041 0.000113537 288 1.11226
3.59407 30.555 0.00010393 768 1.1215
3.60111 32.7652 0.000110796 696 1.1281
3.60912 32.66 0.000109706 720 1.13565
3.61784 32.1639 0.000107261 672 1.1439
3.62754 33.8783 0.000112074 552 1.15312
3.63452 29.8014 9.80203e-05 744 1.15979
3.64348 33.3403 0.000108853 270 1.16839
3.64975 33.5136 0.000108856 888 1.17443
3.65786 34.8582 0.000112471 888 1.18229
3.66615 30.0702 9.63666e-05 696 1.19034
3.67513 33.7232 0.000107283 984 1.19911
3.68431 33.0591 0.000104386 648 1.20811
3.6916 31.0558 9.74803e-05 192 1.21531
3.69835 35.463 0.000110706 968 1.22198
3.7061 35.109 0.000108914 696 1.22968
3.71565 32.479 9.99812e-05 864 1.23921
3.72284 32.6075 9.9796e-05 360 1.24642
3.73197 31.1917 9.47642e-05 1068 1.25561
3.74047 35.8234 0.000108095 648 1.26421
3.74898 34.285 0.000102751 696 1.27286
3.75662 32.4112 9.65434e-05 720 1.28066
3.76685 33.9702 0.000100365 822 1.29115
3.77382 33.729 9.91015e-05 720 1.29832
3.78252 33.7741 9.8551e-05 816 1.30732
3.79085 34.2784 9.93643e-05 888 1.31598
3.80155 32.8762 9.44972e-05 984 1.32716
3.81112 35.8813 0.00010236 672 1.33721
3.81817 36.8674 0.000104591 624 1.34465
3.82694 34.56 9.73732e-05 936 1.35393
3.83491 34.1861 9.57202e-05 792 1.3624
3.84457 35.8342 9.95806e-05 960 1.37272
3.85419 36.5334 0.000100765 936 1.38306
3.86339 31.3728 8.59147e-05 648 1.39298
3.87144 36.0705 9.81641e-05 912 1.40171
3.88032 34.7845 9.40166e-05 936 1.41137
3.88847 37.099 9.96423e-05 384 1.42029
3.89765 35.1255 9.36771e-05 750 1.43037
3.90467 37.406 9.92218e-05 1092 1.43812
3.9144 36.5534 9.62389e-05 896 1.4489
3.92183 37.3723 9.78367e-05 648 1.45716
3.93208 38.2802 9.94323e-05 1248 1.46861
3.94209 39.2305 0.000101126 552 1.47986
3.94998 35.3531 9.05864e-05 1584 1.48876
3.96034 38.9082 9.89149e-05 432 1.50051
3.96734 37.8942 9.58284e-05 816 1.50848
3.97634 39.3946 9.89476e-05 912 1.51877
3.98399 37.8207 9.44481e-05 600 1.52755
3.99397 39.5764 9.80942e-05 912 1.53905
4.00316 37.7023 9.28069e-05 1152 1.5497
4.01218 39.0726 9.55323e-05 792 1.56021
4.02195 39.8819 9.68026e-05 1227 1.57163
4.03047 36.9112 8.90246e-05 780 1.58164
4.0407 39.042 9.34504e-05 960 1.59372
4.04777 37.5117 8.93184e-05 540 1.60209
4.05772 39.9627 9.44555e-05 1116 1.61394
4.06715 40.5397 9.51545e-05 1068 1.62522
4.07589 36.0859 8.41569e-05 1008 1.63571
4.08685 40.4901 9.36704e-05 696 1.64895
4.09512 40.6241 9.34121e-05 948 1.65898
4.10343 37.8852 8.65859e-05 744 1.6691
4.11154 36.9018 8.38407e-05 1068 1.67901
4.12181 40.7373 9.18644e-05 1236 1.69163
4.13251 41.4461 9.2739e-05 776 1.70483
4.14044 42.1749 9.38288e-05 732 1.71466
4.14971 38.4793 8.50341e-05 1008 1.72621
4.16104 40.9671 8.97943e-05 1092 1.74039
4.16938 38.2654 8.33703e-05 744 1.75088
4.17917 39.1738 8.47513e-05 972 1.76323
4.18731 39.8632 8.57408e-05 1032 1.77356
4.19883 42.8387 9.1384e-05 912 1.78824
4.20805 40.8551 8.6581e-05 780 1.80005
4.21538 39.6376 8.35638e-05 876 1.80946
4.22604 42.5579 8.90431e-05 1176 1.82322
4.23463 39.2385 8.1599e-05 720 1.83438
4.24341 40.609 8.3926e-05 864 1.8458
4.25305 42.3395 8.69087e-05 876 1.85842
4.26588 41.9178 8.52693e-05 1056 1.87528
4.27392 38.4432 7.77606e-05 816 1.88591
4.28249 42.7795 8.60137e-05 960 1.89727
4.29299 43.7262 8.72734e-05 1068 1.91126
4.30241 42.9054 8.5074e-05 936 1.92387
4.3129 42.7864 8.42202e-05 696 1.93798
4.32069 41.0658 8.03972e-05 888 1.9485
4.33177 42.8146 8.31795e-05 1116 1.96352
4.34229 41.451 7.99462e-05 924 1.97787
4.35096 41.9028 8.03356e-05 464 1.98973
4.36124 41.8019 7.95769e-05 1200 2.00387
4.3707 42.4634 8.03121e-05 1008 2.01694
4.38166 42.3962 7.95848e-05 1032 2.03216
4.39073 44.2699 8.25885e-05 612 2.04479
4.40096 48.2003 8.92949e-05 1236 2.05913
4.41129 46.4559 8.54603e-05 672 2.07366
4.42014 39.573 7.23621e-05 816 2.08616
4.42976 39.9027 7.24905e-05 840 2.09982
4.44207 44.7511 8.06244e-05 1080 2.11737
4.45076 44.0723 7.89376e-05 936 2.12982
4.4616 41.7384 7.42136e-05 864 2.14542
4.47108 46.236 8.16888e-05 876 2.15913
4.48144 42.8634 7.52063e-05 1032 2.17417
4.49019 44.3737 7.74016e-05 660 2.18693
4.50096 44.9845 7.79051e-05 696 2.20271
4.50987 46.9769 8.08746e-05 1152 2.21581
4.52047 44.3677 7.58465e-05 576 2.23147
4.53079 41.66 7.07322e-05 1080 2.24679
4.54135 47.2039 7.9587e-05 1032 2.26254
4.55295 42.4077 7.09557e-05 840 2.27991
4.56213 41.9315 6.97362e-05 624 2.29373
4.57273 43.0607 7.11173e-05 1208 2.30976
4.58367 45.0771 7.39157e-05 960 2.32637
4.59392 44.3768 7.22812e-05 720 2.34202
4.60399 41.145 6.65787e-05 648 2.35745
4.6146 46.333 7.44573e-05 1020 2.37379
4.62472 44.2465 7.06387e-05 756 2.38944
4.63557 46.7901 7.4176e-05 924 2.40631
4.64475 44.1951 6.96478e-05 840 2.42062
4.65405 47.7704 7.48317e-05 816 2.43519
4.66545 45.3918 7.05857e-05 768 2.45313
4.67618 45.6827 7.05499e-05 1140 2.4701
4.68806 47.1276 7.22298e-05 720 2.48897
4.69757 46.4255 7.07221e-05 624 2.50416
4.70819 48.6383 7.35931e-05 936 2.52116
4.71974 46.964 7.05393e-05 936 2.53977
4.73056 48.0924 7.17397e-05 732 2.55727
4.74042 48.1503 7.13786e-05 1116 2.57331
4.74994 45.7635 6.74334e-05 576 2.58883
4.76031 50.6469 7.41422e-05 816 2.60584
4.77303 52.9411 7.6883e-05 816 2.62677
4.78318 50.5979 7.30132e-05 800 2.64357
4.79384 45.1831 6.47657e-05 804 2.66128
4.80446 51.9112 7.39176e-05 684 2.679
4.81478 46.6792 6.60412e-05 1008 2.69631
4.82719 49.3837 6.933e-05 900 2.71721
4.83829 48.5874 6.77436e-05 912 2.736
4.85007 50.2526 6.95558e-05 576 2.75604
4.85876 46.8939 6.45593e-05 768 2.77088
4.87122 44.8831 6.13183e-05 672 2.79224
4.88069 52.9445 7.19112e-05 876 2.80857
4.89201 49.1786 6.63334e-05 816 2.82816
4.90428 49.5571 6.63435e-05 648 2.84949
4.91258 50.3863 6.71125e-05 984 2.86397
4.92696 55.5206 7.33056e-05 684 2.8892
4.93646 51.8657 6.80851e-05 720 2.90595
4.94736 47.8282 6.23711e-05 852 2.92524
4.95805 51.1655 6.62924e-05 624 2.94424
4.96935 45.9388 5.91156e-05 696 2.96441
4.98201 55.9182 7.14099e-05 852 2.98714
4.99276 50.5749 6.41702e-05 768 3.00651
5.00522 54.4031 6.85134e-05 872 3.02907
5.01542 51.4232 6.43661e-05 624 3.04763
5.02676 51.7976 6.43971e-05 720 3.06834
5.03741 56.5867 6.99054e-05 648 3.0879
5.0483 55.4101 6.80101e-05 792 3.10796
5.06241 55.5268 6.75848e-05 576 3.1341
5.07131 54.0065 6.53891e-05 576 3.15066
5.08286 57.1403 6.87129e-05 936 3.17223
5.09421 55.9583 6.68426e-05 720 3.19353
5.10647 57.9604 6.87366e-05 756 3.21664
5.11911 52.4441 6.17353e-05 768 3.24058
5.1296 54.5146 6.37796e-05 432 3.26055
5.1403 65.0166 7.55927e-05 564 3.28099
5.15285 56.0537 6.46968e-05 492 3.30508
5.16233 55.4187 6.3612e-05 984 3.32336
5.17555 54.3012 6.1853e-05 732 3.34895
5.1871 57.2562 6.4784e-05 624 3.37144
5.19924 54.3841 6.11045e-05 696 3.39515
5.21144 65.5721 7.31584e-05 576 3.41912
5.22374 59.7223 6.61625e-05 512 3.44338
5.23366 55.5118 6.11488e-05 504 3.46304
5.24678 61.3394 6.70627e-05 828 3.48914
5.25858 61.5296 6.68187e-05 756 3.51274
5.26977 67.8063 7.31669e-05 408 3.53521
5.28236 62.9607 6.74536e-05 792 3.56061
5.29391 58.248 6.19972e-05 360 3.58401
5.30491 54.5874 5.77403e-05 624 3.6064
5.31825 63.5416 6.67072e-05 528 3.63367
5.33025 62.1742 6.48318e-05 588 3.65833
5.34078 58.4134 6.05505e-05 636 3.68006
5.35248 68.2689 7.03034e-05 528 3.7043
5.36776 62.451 6.37647e-05 684 3.73611
5.37791 60.258 6.11779e-05 432 3.75733
5.38937 53.7335 5.42065e-05 456 3.78141
5.4015 60.9955 6.11187e-05 552 3.80701
5.4146 57.1305 5.68314e-05 456 3.83477
5.42557 74.2831 7.34471e-05 564 3.85812
5.43919 60.6529 5.9521e-05 536 3.88724
5.45109 59.6642 5.8168e-05 456 3.91282
5.46212 65.0014 6.29883e-05 624 3.93662
5.47675 69.4387 6.67502e-05 432 3.96835
5.48977 68.2489 6.51408e-05 348 3.9967
5.49913 65.0155 6.17382e-05 432 4.01719
5.51302 76.9646 7.25341e-05 456 4.04771
5.52471 69.5198 6.51028e-05 504 4.07351
5.53813 72.9974 6.78636e-05 552 4.10327
5.5496 67.8684 6.2705e-05 384 4.12882
5.5626 70.0159 6.42365e-05 312 4.15791
5.57565 66.011 6.0138e-05 360 4.18724
5.58689 74.5264 6.74868e-05 432 4.21261
5.60105 89.1669 8.01337e-05 468 4.24472
5.61432 74.4115 6.63999e-05 348 4.27497
5.62503 84.755 7.51988e-05 384 4.29946
5.63593 74.4594 6.56815e-05 312 4.32451
5.65165 66.5389 5.82062e-05 240 4.36081
5.66273 81.6502 7.10067e-05 464 4.3865
5.67707 64.7142 5.58529e-05 384 4.41991
5.69098 64.6969 5.54296e-05 303 4.45248
5.70162 75.0198 6.39148e-05 222 4.47749
5.71348 82.1375 6.95438e-05 390 4.5055
5.73001 73.6815 6.18462e-05 138 4.54471
5.74161 75.1556 6.27017e-05 486 4.57237
5.75492 79.8507 6.61578e-05 246 4.60424
5.76624 86.5943 7.1323e-05 216 4.63148
5.77973 84.5953 6.919e-05 246 4.66405
5.79232 76.8117 6.24149e-05 270 4.6946
5.80523 68.9633 5.56646e-05 192 4.72606
5.81887 70.2015 5.62666e-05 294 4.75944
5.83119 78.0889 6.21926e-05 288 4.78973
5.8464 60.0387 4.74445e-05 240 4.82732
5.85986 83.7263 6.57083e-05 138 4.86073
5.8721 83.8803 6.54183e-05 224 4.89126
5.88358 66.5577 5.1605e-05 198 4.92001
5.89683 63.2523 4.87125e-05 216 4.95331
5.90984 79.916 6.114e-05 246 4.98619
5.92471 79.2261 6.0157e-05 192 5.02391
5.93553 90.601 6.84187e-05 96 5.05148
5.9528 89.3779 6.69093e-05 246 5.0957
5.96397 75.4784 5.61872e-05 168 5.12443
5.97736 81.1919 6.0035e-05 216 5.15904
5.99124 88.9607 6.53233e-05 162 5.19505
6.00606 70.8249 5.16223e-05 144 5.2337
6.02137 63.0957 4.56386e-05 72 5.27384
6.03325 73.8241 5.3084e-05 270 5.30511
6.04676 72.9276 5.20887e-05 120 5.34083
6.05854 81.9132 5.81662e-05 168 5.37209
6.0701 106.264 7.50271e-05 78 5.40291
6.08691 96.5564 6.76098e-05 96 5.44793
6.10091 68.9738 4.79646e-05 152 5.48559
6.11334 111.674 7.71857e-05 198 5.51919
6.1271 92.3408 6.33941e-05 108 5.55655
6.1416 93.1457 6.34949e-05 120 5.59609
6.169 86.7445 5.83469e-05 150 5.67132
6.18467 112.462 7.50717e-05 216 5.71466
6.19969 87.0018 5.76552e-05 96 5.75639
6.21038 127.441 8.40182e-05 30 5.78622
6.22257 80.5397 5.27861e-05 48 5.82037
6.2436 60.9125 3.95204e-05 120 5.87957
6.25364 121.009 7.81337e-05 132 5.90798
6.26638 98.7333 6.33626e-05 102 5.94417
6.28193 66.0045 4.2045e-05 48 5.98852
6.30075 128.13 8.08895e-05 24 6.04252
6.31417 62.4326 3.91636e-05 56 6.08119
6.32447 103.318 6.44946e-05 174 6.11101
6.34031 136.855 8.47908e-05 72 6.15704
6.35938 122.76 7.5376e-05 24 6.21276
6.38581 87.8459 5.32713e-05 54 6.29054
6.39461 94.8752 5.72968e-05 132 6.31658
6.40638 131.948 7.92472e-05 48 6.35154
6.41993 106.222 6.33931e-05 24 6.39191
6.43712 82.7261 4.89764e-05 6 6.44341
6.45916 89.6179 5.25153e-05 48 6.50982
6.46722 125.104 7.30362e-05 120 6.53422
6.48235 131.028 7.59601e-05 24 6.58017
6.49695 149.694 8.61976e-05 6 6.62473
6.53175 132.913 7.53177e-05 56 6.73177
6.54038 142.595 8.04853e-05 84 6.75847
6.55863 237.593 0.000132988 6 6.81523
6.60542 128.834 7.0591e-05 72 6.96211
6.61449 191.797 0.000104658 30 6.99085
6.67793 165.923 8.79831e-05 60 7.19394
6.68739 227.343 0.000120041 6 7.22453
6.74992 153.06 7.85932e-05 38 7.4291
6.82143 336.117 0.000167218 18 7.66772
6.8932 261.625 0.000126135 6 7.91231
6.96499 1264.14 0.000590815 1 8.1621
0.999987
734
50
64
1.00001
2.01062 54.0544 0.00105017 6 0.19635
2.84345 27.8552 0.000191334 12 0.55536
3.48249 59.5126 0.000222514 8 1.02026
4.02124 16.6033 4.03214e-05 6 1.5708
4.49588 32.6439 5.67253e-05 24 2.19525
4.92499 35.2215 4.65598e-05 24 2.88574
5.68689 42.9427 3.6871e-05 12 4.44288
6.03186 33.3099 2.39685e-05 30 5.30144
6.35814 46.6529 2.86621e-05 24 6.20912
6.66847 43.0423 2.29212e-05 24 7.1634
6.96499 70.9953 3.31809e-05 8 8.1621
7.24939 19.018 7.8828e-06 24 9.20333
7.52305 32.8154 1.21707e-05 48 10.2854
8.04248 38.1603 1.15841e-05 6 12.5664
8.29 43.847 1.21534e-05 48 13.7627
8.53034 50.0244 1.27263e-05 36 14.9947
8.76409 60.341 1.41551e-05 24 16.2615
8.99176 48.8818 1.06178e-05 24 17.562
9.21382 52.148 1.05278e-05 48 18.8955
9.43064 41.4458 7.80327e-06 24 20.2611
9.84998 52.3676 8.65318e-06 24 23.0859
10.0531 64.865 1.00816e-05 30 24.5437
10.2522 57.8639 8.47965e-06 72 26.0309
10.4475 46.0098 6.3714e-06 32 27.5471
10.8275 61.5817 7.66099e-06 72 30.6639
11.0126 51.9712 6.14484e-06 48 32.2635
11.3738 36.7015 3.93903e-06 12 35.5431
11.5501 67.3801 6.90543e-06 48 37.2221
11.7238 70.188 6.8782e-06 48 38.9268
11.895 73.4904 6.89539e-06 48 40.6567
12.0637 92.4934 8.31931e-06 30 42.4115
12.2301 69.6574 6.01305e-06 24 44.1909
12.3943 76.8868 6.37686e-06 72 45.9944
12.7163 47.4756 3.64595e-06 24 49.6729
12.8742 85.326 6.31446e-06 96 51.5473
13.0303 68.4148 4.88322e-06 48 53.4446
13.1845 101.287 6.97882e-06 24 55.3647
13.3369 102.815 6.84396e-06 24 57.3072
13.4876 87.3631 5.62263e-06 72 59.2719
13.6367 99.281 6.18244e-06 48 61.2585
13.93 37.3181 2.18016e-06 8 65.2968
14.0743 107.29 6.0771e-06 54 67.3479
14.2172 75.0867 4.12608e-06 84 69.42
14.3587 120.605 6.4334e-06 48 71.513
14.4988 118.953 6.16314e-06 24 73.6266
14.6375 69.623 3.50566e-06 72 75.7607
14.775 100.674 4.92899e-06 96 77.9149
15.0461 126.224 5.85179e-06 48 82.2833
15.1798 80.8959 3.65211e-06 48 84.4972
15.3124 106.574 4.6875e-06 24 86.7305
15.4439 101.434 4.34845e-06 72 88.9832
15.7034 95.5167 3.89507e-06 72 93.5459
15.8316 156.457 6.22641e-06 96 95.8556
16.085 135.803 5.15313e-06 6 100.531
16.2101 145.076 5.37844e-06 96 102.896
16.3343 129.023 4.67498e-06 96 105.28
16.4576 107.629 3.81283e-06 24 107.682
16.58 131.558 4.55811e-06 48 110.102
16.7015 106.354 3.60504e-06 96 112.539
16.822 109.614 3.6362e-06 48 114.994
17.0607 148.599 4.72551e-06 36 119.958
17.1787 154.775 4.82111e-06 48 122.466
17.296 154.264 4.70812e-06 120 124.991
17.4125 194.547 5.81919e-06 56 127.533
17.5282 117.127 3.43453e-06 24 130.092
17.6431 180.039 5.1768e-06 96 132.668
17.7573 144.535 4.07626e-06 48 135.261
17.9835 153.872 4.17787e-06 24 140.496
18.0956 182.33 4.85915e-06 102 143.139
18.2069 142.176 3.71995e-06 48 145.798
18.3176 131.331 3.37426e-06 72 148.473
18.4276 173.682 4.38296e-06 48 151.164
18.537 203.04 5.03366e-06 48 153.872
18.6457 145.853 3.55303e-06 120 156.595
18.8613 147.295 3.46652e-06 24 162.089
18.9681 188.108 4.35263e-06 144 164.86
19.0744 209.296 4.76242e-06 120 167.646
19.1801 105.423 2.35942e-06 48 170.448
19.3897 189.783 4.11115e-06 48 176.098
19.4937 222.424 4.74155e-06 96 178.946
19.7 176.068 3.63668e-06 24 184.687
19.8023 175.948 3.57813e-06 48 187.58
19.9041 190.239 3.8097e-06 108 190.489
20.0054 227.293 4.48295e-06 72 193.412
20.1062 127.787 2.48266e-06 30 196.35
20.2065 221.464 4.23889e-06 168 199.302
20.3063 252.648 4.76481e-06 48 202.269
20.5044 234.456 4.29479e-06 72 208.248
20.6027 218.753 3.95003e-06 96 211.258
20.7006 235.505 4.19248e-06 72 214.283
20.798 210.201 3.68969e-06 72 217.323
20.895 214.886 3.71965e-06 32 220.377
20.9915 321.19 5.48343e-06 72 223.444
21.0876 251.038 4.22748e-06 144 226.526
21.3732 251.433 4.06663e-06 96 235.856
21.4675 250.826 4.00356e-06 96 238.994
21.5615 203.965 3.21321e-06 48 242.146
21.655 267.631 4.16178e-06 72 245.311
21.7482 275.975 4.23663e-06 120 248.49
21.8409 262.298 3.97559e-06 72 251.682
22.0252 278.776 4.12015e-06 48 258.108
22.1168 198.618 2.89915e-06 78 261.341
22.208 289.506 4.17396e-06 120 264.588
22.2988 255.045 3.63236e-06 48 267.847
22.4794 299.829 4.16811e-06 144 274.407
22.5691 299.452 4.11341e-06 144 277.706
22.7476 417.454 5.60047e-06 12 284.345
22.8362 262.549 3.48142e-06 144 287.683
22.9246 418.595 5.48667e-06 48 291.035
23.0126 305.04 3.95257e-06 120 294.399
23.1003 340.772 4.36549e-06 48 297.777
23.1876 245.824 3.1137e-06 48 301.167
23.2746 404.451 5.06569e-06 168 304.57
23.4476 371.942 4.55615e-06 48 311.414
23.5337 185.404 2.2463e-06 96 314.855
23.6194 388.269 4.65312e-06 96 318.309
23.7049 309.171 3.66527e-06 72 321.775
23.79 332.152 3.8956e-06 48 325.253
23.8748 373.257 4.33121e-06 96 328.745
23.9593 362.697 4.1643e-06 48 332.248
24.1274 285.53 3.21024e-06 30 339.292
24.2111 357.753 3.98072e-06 96 342.832
24.2944 333.344 3.67108e-06 192 346.385
24.3775 455.603 4.96639e-06 56 349.95
24.4602 472.721 5.10085e-06 24 353.527
24.5427 394.246 4.21131e-06 168 357.116
24.625 393.077 4.15691e-06 120 360.717
24.7886 304.896 3.16094e-06 72 367.955
24.87 448.039 4.59948e-06 144 371.593
24.9511 432.997 4.40183e-06 96 375.242
25.032 374.393 3.7693e-06 96 378.902
25.193 334.842 3.30689e-06 72 386.26
25.2731 361.63 3.53761e-06 96 389.956
25.4325 511.662 4.91172e-06 24 397.384
25.5119 396.393 3.76979e-06 192 401.115
25.591 544.358 5.12912e-06 108 404.858
25.6699 219.013 2.04465e-06 24 408.612
25.7485 369.061 3.41399e-06 96 412.378
25.8269 387.322 3.5504e-06 96 416.156
25.905 464.604 4.22037e-06 120 419.945
26.0606 666.11 5.94308e-06 48 427.557
26.1381 406.644 3.59596e-06 78 431.38
26.2153 429.248 3.7624e-06 144 435.214
26.2923 429.962 3.73565e-06 120 439.06
26.369 513.205 4.42006e-06 24 442.917
26.4456 475.966 4.06384e-06 168 446.785
26.5219 410.682 3.47625e-06 144 450.665
26.6739 605.833 5.04097e-06 24 458.457
26.7495 410.014 3.38274e-06 48 462.37
26.825 580.054 4.74535e-06 96 466.294
26.9003 472.312 3.8316e-06 120 470.229
26.9753 417.66 3.36004e-06 72 474.175
27.0501 560.482 4.47171e-06 120 478.132
27.1247 510.473 4.03921e-06 144 482.1
27.2734 385.347 2.99954e-06 48 490.068
27.3474 482.847 3.72805e-06 192 494.069
27.4212 515.435 3.94761e-06 144 498.08
27.4948 592.045 4.49803e-06 48 502.102
27.6414 507.355 3.79358e-06 192 510.179
27.7145 557.664 4.13687e-06 48 514.233
27.86 941.96 6.87877e-06 8 522.374
27.9324 483.808 3.50564e-06 48 526.461
28.0047 498.65 3.58528e-06 240 530.558
28.0768 650.461 4.64087e-06 96 534.665
28.1487 646.362 4.57638e-06 54 538.783
28.2204 482.439 3.38979e-06 120 542.912
28.2919 722.279 5.0366e-06 120 547.051
28.4345 491.324 3.37484e-06 84 555.36
28.5054 443.938 3.02662e-06 144 559.531
28.5763 650.414 4.40143e-06 72 563.712
28.6469 507.134 3.4065e-06 96 567.903
28.7174 502.787 3.3525e-06 48 572.104
28.7877 538.012 3.56116e-06 96 576.316
28.8578 663.454 4.35954e-06 240 580.538
28.9976 807.52 5.22984e-06 24 589.013
29.0672 619.649 3.98434e-06 240 593.266
29.1366 661.581 4.22361e-06 96 597.529
29.2059 475.725 3.01552e-06 72 601.802
29.2751 549.868 3.46087e-06 72 606.085
29.344 708.196 4.42603e-06 96 610.379
29.4128 581.741 3.61027e-06 72 614.682
29.5499 654.036 4.00268e-06 96 623.319
29.6183 579.301 3.52083e-06 96 627.653
29.6864 456.593 2.75597e-06 120 631.996
29.7544 553.66 3.319e-06 96 636.35
29.89 781.058 4.61876e-06 192 645.087
29.9576 623.194 3.66036e-06 144 649.47
30.0922 489.297 2.83551e-06 48 658.267
30.1593 589.258 3.39205e-06 150 662.68
30.2262 616.161 3.5234e-06 96 667.102
30.293 538.811 3.06075e-06 120 671.535
30.3597 685.016 3.8657e-06 48 675.977
30.4262 614.19 3.44334e-06 120 680.429
30.4926 735.52 4.09669e-06 240 684.891
30.6248 375.937 2.06687e-06 24 693.844
30.6908 649.631 3.54865e-06 144 698.335
30.7566 802.843 4.3575e-06 216 702.835
30.8222 780.295 4.20811e-06 48 707.346
30.8877 722.967 3.87419e-06 72 711.865
30.9531 745.471 3.96952e-06 144 716.395
31.0183 699.683 3.70225e-06 96 720.934
31.2132 640.319 3.32507e-06 144 734.608
31.3063 780.044 4.0146e-06 236 741.202
31.4069 745.042 3.79775e-06 72 748.367
31.4712 898.103 4.54995e-06 168 752.972
31.5353 867.881 4.37006e-06 144 757.587
31.6633 799.472 3.977e-06 96 766.845
31.727 949.198 4.6934e-06 144 771.488
31.7907 607.18 2.98427e-06 144 776.14
31.8542 975.559 4.76621e-06 168 780.801
31.9809 641.428 3.09669e-06 48 790.152
32.044 897.751 4.30859e-06 192 794.841
32.1699 1048.88 4.97503e-06 6 804.248
32.2327 744.409 3.51028e-06 192 808.965
32.2953 825.078 3.86808e-06 96 813.691
32.389 844.088 3.92295e-06 192 820.795
32.4825 882.422 4.0658e-06 216 827.924
32.5447 784.377 3.59338e-06 72 832.687
32.6687 902.552 4.08787e-06 96 842.24
32.7305 865.783 3.89916e-06 96 847.03
32.8025 848.447 3.79599e-06 288 852.628
32.9153 617.828 2.73587e-06 24 861.454
32.9766 841.056 3.70362e-06 264 866.28
33.0378 1007.91 4.41374e-06 192 871.115
33.16 625.141 2.70742e-06 48 880.812
33.2209 815.961 3.51443e-06 96 885.674
33.2817 794.165 3.40185e-06 144 890.545
33.3423 927.878 3.95296e-06 120 895.424
33.4029 732.145 3.10215e-06 96 900.313
33.5056 789.958 3.31643e-06 240 908.642
33.6441 862.823 3.57779e-06 48 919.956
33.7041 997.544 4.11437e-06 240 924.888
33.7897 981.185 4.01624e-06 168 931.948
33.9432 983.343 3.97071e-06 192 944.707
34.0027 1141.21 4.58401e-06 144 949.684
34.1213 899.012 3.57361e-06 36 959.663
34.1805 902.49 3.56883e-06 102 964.665
34.2565 1116.12 4.38433e-06 336 971.108
34.3575 865.505 3.36996e-06 48 979.725
34.4163 975.717 3.77966e-06 216 984.762
34.4749 1234.64 4.75829e-06 168 989.808
34.592 974.04 3.71594e-06 120 999.925
34.6504 1021.65 3.87789e-06 192 1005
34.7087 949.388 3.5855e-06 72 1010.08
34.78 982.234 3.68678e-06 248 1016.31
34.8829 907.653 3.37676e-06 96 1025.37
34.9408 1184.49 4.38483e-06 144 1030.48
35.0563 908.4 3.32964e-06 24 1040.74
35.114 1113.06 4.05975e-06 192 1045.87
35.1847 973.451 3.52916e-06 312 1052.21
35.2862 1258.89 4.52471e-06 96 1061.34
35.3435 1138.34 4.07161e-06 144 1066.52
35.4006 1093.95 3.89391e-06 96 1071.7
35.5146 1267.23 4.4674e-06 48 1082.09
35.6149 1020.05 3.56571e-06 408 1091.28
35.685 1150.87 3.99938e-06 144 1097.73
35.7981 1111.39 3.82568e-06 120 1108.2
35.8545 1237.55 4.23987e-06 144 1113.45
36.0181 1029.45 3.47907e-06 264 1128.76
36.0793 1104.77 3.71464e-06 96 1134.52
36.164 935.629 3.12387e-06 198 1142.54
36.247 1192.58 3.9545e-06 168 1150.42
36.3027 1096.83 3.62029e-06 264 1155.73
36.4139 1217.6 3.98221e-06 48 1166.38
36.4832 1031.84 3.35548e-06 384 1173.05
36.58 1137.58 3.67004e-06 72 1182.42
36.6697 1109.48 3.55318e-06 192 1191.14
36.7454 1268.36 4.03696e-06 144 1198.53
36.8553 1596.07 5.03471e-06 48 1209.31
36.9101 1308.12 4.10804e-06 96 1214.72
36.9891 1369.1 4.27205e-06 324 1222.53
37.074 1719.3 5.32798e-06 48 1230.97
37.1497 1198.39 3.69107e-06 552 1238.53
37.3155 1236.49 3.75789e-06 216 1255.19
37.3997 1362.68 4.11349e-06 120 1263.7
37.4537 1183.12 3.55602e-06 120 1269.18
37.5931 1313.3 3.90354e-06 408 1283.41
37.7702 1369.12 4.01251e-06 216 1301.63
37.8296 1533.64 4.47352e-06 192 1307.78
37.915 1261.37 3.65453e-06 240 1316.65
38.0123 1594.69 4.58484e-06 168 1326.82
38.1759 1337.13 3.79512e-06 246 1344.03
38.2546 1352.22 3.8143e-06 216 1352.36
38.3241 1274.27 3.57493e-06 152 1359.74
38.4325 1390.49 3.86802e-06 384 1371.32
38.6227 1398.2 3.83229e-06 288 1391.78
38.7049 1568.17 4.27087e-06 336 1400.67
38.7794 1291.57 3.49731e-06 48 1408.78
38.8698 1352.33 3.63634e-06 456 1418.66
38.9874 1827.66 4.87018e-06 96 1431.57
39.0392 1452.95 3.85628e-06 192 1437.28
39.105 1429.94 3.77607e-06 264 1444.56
39.2457 1638.3 4.27993e-06 240 1460.22
39.2972 1178.3 3.06613e-06 96 1465.97
39.3999 1616.83 4.17444e-06 24 1477.5
39.4878 1541.92 3.95452e-06 336 1487.4
39.5681 1318.59 3.36118e-06 168 1496.5
39.6771 1497.24 3.78525e-06 456 1508.89
39.8372 1613.49 4.03014e-06 252 1527.24
39.9408 1416.99 3.51186e-06 312 1539.18
40.0361 1708.68 4.20463e-06 144 1550.22
40.1117 1262.92 3.09016e-06 240 1559.03
40.2124 908.02 2.20514e-06 30 1570.8
40.2849 1634.78 3.94868e-06 432 1579.31
40.4018 1648.44 3.94721e-06 216 1593.1
40.4864 1645.3 3.91504e-06 408 1603.13
40.6125 1613.69 3.80417e-06 48 1618.16
40.6623 1848.13 4.34088e-06 192 1624.11
40.7332 1614.71 3.77285e-06 336 1632.62
40.8606 1533.38 3.5494e-06 240 1647.99
40.9101 1773.08 4.08939e-06 240 1653.98
41.0416 1850.68 4.22744e-06 216 1669.99
41.1412 1858.74 4.21508e-06 312 1682.18
41.2327 1645.85 3.70754e-06 216 1693.42
41.3034 2106.93 4.72185e-06 120 1702.15
41.4012 1580.03 3.51598e-06 72 1714.27
41.4725 1731.65 3.83355e-06 624 1723.14
41.5766 1644.91 3.61424e-06 120 1736.15
41.6654 1711.09 3.73566e-06 336 1747.29
41.7899 2116.31 4.57913e-06 32 1763.01
41.8705 1804.3 3.88155e-06 432 1773.22
41.9554 1829.86 3.91266e-06 168 1784.04
42.0448 1864.73 3.96186e-06 336 1795.47
42.1751 1689.47 3.55632e-06 144 1812.21
42.2355 1960.5 4.10916e-06 366 1820.01
42.3186 1637.76 3.41251e-06 120 1830.78
42.4522 1897.4 3.91633e-06 480 1848.16
42.6285 1787.32 3.64351e-06 492 1871.29
42.718 2240.16 4.53804e-06 240 1883.09
42.819 1772.35 3.565e-06 312 1896.49
42.9351 1766.2 3.5239e-06 96 1911.95
43.0181 2150.62 4.2661e-06 408 1923.06
43.0855 2301.11 4.54323e-06 240 1932.11
43.1797 2052.7 4.02631e-06 456 1944.82
43.3101 2077.32 4.0379e-06 72 1962.49
43.4008 2032.2 3.92547e-06 456 1974.85
43.5249 2320.78 4.44467e-06 312 1991.84
43.5892 1952.89 3.72358e-06 240 2000.68
43.7127 2161.23 4.08601e-06 216 2017.73
43.7897 2227.29 4.18873e-06 360 2028.41
43.9126 2279.87 4.2517e-06 216 2045.54
43.9586 2226.57 4.13928e-06 96 2051.97
44.1146 2061.53 3.79194e-06 480 2073.9
44.2084 2168.09 3.96263e-06 174 2087.15
44.3051 2261.11 4.10565e-06 552 2100.88
44.416 2046.83 3.68877e-06 120 2116.7
44.4802 2315.06 4.15414e-06 408 2125.89
44.5897 2175.21 3.87452e-06 408 2141.62
44.6882 2399.02 4.24496e-06 336 2155.86
44.8237 2319.81 4.06768e-06 288 2175.53
44.8881 2092.27 3.65295e-06 168 2184.91
44.9845 2182.79 3.78655e-06 336 2199.02
45.09 2243.47 3.86455e-06 312 2214.53
45.2178 2396.86 4.09387e-06 432 2233.41
45.2724 2217.6 3.774e-06 104 2241.52
45.3771 2086.86 3.52697e-06 552 2257.1
45.5369 2321.57 3.8825e-06 204 2281.03
45.6029 2312.19 3.85004e-06 336 2290.96
45.7211 2252.68 3.72194e-06 480 2308.82
45.8492 2532.23 4.14886e-06 48 2328.28
45.9037 2513.5 4.10351e-06 504 2336.6
46.0361 2597.68 4.20446e-06 480 2356.88
46.1129 2733.72 4.40257e-06 144 2368.69
46.2336 2606.87 4.16547e-06 198 2387.34
46.3106 2511.23 3.99268e-06 600 2399.29
46.4459 2887.36 4.55068e-06 384 2420.38
46.5692 3016.34 4.71632e-06 312 2439.71
46.6638 2888.41 4.48888e-06 336 2454.6
46.7658 2589.91 3.99871e-06 120 2470.73
46.8213 2621.73 4.03345e-06 336 2479.54
46.9568 2479.95 3.78239e-06 672 2501.13
47.0908 2629.87 3.97691e-06 528 2522.6
47.1532 2480.67 3.73642e-06 168 2532.64
47.2973 2849.33 4.25258e-06 456 2555.94
47.3853 2745.37 4.07463e-06 168 2570.23
47.4766 2743.24 4.04802e-06 504 2585.12
47.6139 2823.24 4.13015e-06 240 2607.6
47.7072 3440.68 5.00394e-06 408 2622.96
47.8221 2967.8 4.28518e-06 504 2641.95
47.9561 2728.6 3.90687e-06 432 2664.23
48.0191 3111.27 4.43727e-06 312 2674.74
48.15 3068.3 4.34038e-06 384 2696.68
48.2868 2901.13 4.06915e-06 126 2719.72
48.3588 2701.67 3.77247e-06 396 2731.92
48.4703 2537.05 3.51823e-06 624 2750.85
48.6138 3106.73 4.27018e-06 480 2775.35
48.6901 3271.73 4.47585e-06 384 2788.45
48.812 2706.96 3.67556e-06 488 2809.44
48.9586 3409.33 4.58777e-06 312 2834.83
49.0113 2869.31 3.84865e-06 480 2843.99
49.1194 2868.36 3.82204e-06 408 2862.85
49.2773 3032.87 4.00252e-06 360 2890.55
49.344 3327.53 4.3736e-06 408 2902.3
49.4676 3225.53 4.20783e-06 456 2924.17
49.6068 3418.56 4.42221e-06 264 2948.93
49.6993 3140.31 4.03963e-06 528 2965.45
49.812 3415.7 4.36414e-06 528 2985.67
49.9265 3280.09 4.16209e-06 240 3006.32
50.0182 3172.55 4.00354e-06 360 3022.91
50.1154 3572.51 4.48209e-06 528 3040.56
50.2655 2775.73 3.45134e-06 150 3067.96
50.3217 3889.05 4.81944e-06 600 3078.27
50.4404 3117.83 3.83651e-06 672 3100.1
50.5919 3745.29 4.56734e-06 504 3128.11
50.6988 3380.53 4.09648e-06 408 3147.99
50.7928 3345.55 4.03164e-06 264 3165.53
50.927 3371.15 4.03044e-06 600 3190.7
51.0634 3599.5 4.26907e-06 576 3216.39
51.182 3332.76 3.92529e-06 108 3238.86
51.2585 3516.98 4.12373e-06 792 3253.41
51.4023 3580.57 4.16317e-06 528 3280.87
51.525 3507.27 4.04888e-06 336 3304.41
51.6146 3764.48 4.32323e-06 456 3321.68
51.7144 3771.4 4.30615e-06 480 3340.98
51.8612 3885.74 4.39912e-06 768 3369.52
51.9736 3555.41 3.99908e-06 240 3391.48
52.063 3224.48 3.60821e-06 192 3409
52.2034 3760.8 4.17449e-06 656 3436.67
52.324 3989.57 4.39788e-06 678 3460.53
52.4546 3322.16 3.63488e-06 384 3486.52
52.5653 3909.37 4.25041e-06 528 3508.62
52.6658 3749.31 4.05307e-06 408 3528.8
52.7972 4134.66 4.43636e-06 792 3555.28
52.9261 3979.48 4.23873e-06 576 3581.39
53.059 3831.31 4.05032e-06 240 3608.43
53.1365 4234.98 4.45752e-06 552 3624.25
53.2461 4312.67 4.51131e-06 600 3646.73
53.4023 4074.44 4.22482e-06 600 3678.92
53.5394 4439.9 4.56848e-06 696 3707.33
53.6783 3643.74 3.72025e-06 384 3736.25
53.7504 4155.81 4.22601e-06 504 3751.33
53.8541 4176.46 4.22251e-06 336 3773.09
54.0102 4302.08 4.31193e-06 588 3805.98
54.1448 4115.62 4.09435e-06 744 3834.52
54.2751 4512.44 4.45686e-06 462 3862.27
54.3487 4526.76 4.45286e-06 432 3878.01
54.4687 4303.52 4.20534e-06 696 3903.75
54.6134 4394.34 4.26006e-06 600 3934.93
54.7255 4732.96 4.56019e-06 576 3959.23
54.8888 4385.11 4.18746e-06 648 3994.76
54.9991 4733.67 4.49315e-06 648 4018.9
55.0631 4304.63 4.07168e-06 288 4032.94
55.2321 4475.69 4.19475e-06 864 4070.18
55.3446 4730.79 4.40685e-06 384 4095.1
55.4791 4617.93 4.27051e-06 768 4125.03
55.6308 4507.76 4.13461e-06 528 4158.97
55.7777 4795.98 4.3643e-06 632 4192.02
55.8769 4619.82 4.18166e-06 504 4214.41
55.9853 5268.12 4.74082e-06 792 4238.98
56.1124 4971.99 4.444e-06 504 4267.92
56.2173 4877.46 4.33514e-06 582 4291.91
56.364 5260.97 4.6396e-06 504 4325.59
56.4803 5354.22 4.69273e-06 696 4352.42
56.6386 4861.74 4.22546e-06 720 4389.12
56.7622 5398.9 4.66174e-06 648 4417.91
56.9077 5406.69 4.63275e-06 660 4451.97
57.0079 4914.55 4.18888e-06 576 4475.55
57.1396 5248.45 4.44261e-06 792 4506.64
57.2421 5148.16 4.33435e-06 672 4530.94
57.3593 6172.08 5.16464e-06 336 4558.81
57.5175 5785.09 4.80098e-06 816 4596.64
57.6245 5311.88 4.38376e-06 600 4622.34
57.7601 5418.8 4.44058e-06 888 4655.04
57.9071 4984.06 4.05329e-06 504 4690.68
58.0528 5289.57 4.26944e-06 696 4726.17
58.1649 5663.12 4.54455e-06 600 4753.62
58.3208 5272.69 4.19741e-06 582 4791.94
58.4504 5918.47 4.68024e-06 1056 4823.94
58.5936 6070.25 4.76515e-06 648 4859.48
58.7208 5779.93 4.50783e-06 984 4891.2
58.8664 5887.34 4.55761e-06 648 4927.67
58.9719 5718.12 4.40288e-06 456 4954.23
59.0999 6916.44 5.29106e-06 384 4986.55
59.2123 6216.3 4.72843e-06 1160 5015.05
59.364 6334.8 4.78172e-06 552 5053.69
59.4793 5460.31 4.09769e-06 744 5083.2
59.6446 5945.22 4.42461e-06 720 5125.7
59.7633 5990.72 4.43195e-06 876 5156.37
59.9004 6095.07 4.47826e-06 552 5191.94
60.0316 6158.02 4.49491e-06 840 5226.13
60.1564 6315.79 4.58145e-06 576 5258.78
60.3063 6206.71 4.46883e-06 918 5298.2
60.4346 6422.22 4.5946e-06 720 5332.09
60.5783 7062.91 5.0171e-06 1032 5370.21
60.6985 7351.19 5.1909e-06 384 5402.25
60.8401 6832.59 4.79109e-06 1176 5440.15
61.0171 7400.75 5.14448e-06 696 5487.75
61.1506 7036.41 4.85925e-06 888 5523.85
61.2944 7430.69 5.0955e-06 744 5562.91
61.4077 6922.68 4.72092e-06 816 5593.81
61.56 6700.42 4.5355e-06 840 5635.56
61.6814 7651.02 5.14845e-06 744 5668.96
61.8235 7003.98 4.68063e-06 768 5708.22
61.9536 6850.19 4.54906e-06 792 5744.35
62.0851 7669.17 5.06065e-06 936 5780.99
62.2156 7774.6 5.098e-06 384 5817.52
62.3727 7440.37 4.84207e-06 894 5861.7
62.5068 7700.81 4.97937e-06 1236 5899.59
62.6633 7961.22 5.10928e-06 752 5944.01
62.7867 8406.5 5.36329e-06 744 5979.21
62.9375 8143.3 5.15812e-06 1128 6022.4
63.1155 7913.58 4.97032e-06 960 6073.63
63.2321 8089.58 5.0528e-06 1056 6107.37
63.383 8711.89 5.40274e-06 624 6151.17
63.5108 8049.94 4.96216e-06 768 6188.46
63.6433 8940.17 5.47656e-06 936 6227.27
63.7967 8346.49 5.07609e-06 672 6272.41
63.9409 8247.29 4.9819e-06 984 6315.04
64.088 8679.07 5.20671e-06 1056 6358.72
64.2376 8307.39 4.94899e-06 960 6403.37
64.39 8623.5 5.10092e-06 939 6449.04
64.5055 8117.92 4.77611e-06 768 6483.81
64.6629 8989.65 5.25047e-06 972 6531.38
64.8212 9552.7 5.53854e-06 852 6579.47
64.9842 9623.12 5.53749e-06 1212 6629.23
65.129 9104.28 5.20406e-06 876 6673.65
65.2424 9215.18 5.24004e-06 696 6708.56
65.3973 10233.4 5.77777e-06 780 6756.47
65.5421 9863.05 5.53185e-06 1032 6801.44
65.7174 9522.43 5.29817e-06 1344 6856.18
65.8765 10135.6 5.59855e-06 648 6906.1
65.9714 9006.34 4.95337e-06 888 6935.98
66.1201 9649.63 5.27144e-06 776 6982.99
66.2795 10670.7 5.78726e-06 1068 7033.61
66.4417 10455.6 5.62918e-06 936 7085.38
66.6059 10516.9 5.62041e-06 924 7138.03
66.7271 9956.36 5.29192e-06 720 7177.07
66.9022 10490.5 5.53217e-06 1404 7233.71
67.0526 11370.4 5.9559e-06 696 7282.62
67.198 9920.22 5.16264e-06 744 7330.09
67.3453 10001.3 5.17077e-06 984 7378.4
67.4752 11437.3 5.87907e-06 816 7421.18
67.6472 10802.6 5.51061e-06 1416 7478.06
67.8311 10629.2 5.37815e-06 648 7539.25
67.9345 11411.1 5.74743e-06 696 7573.77
68.093 10473.2 5.23832e-06 1068 7626.91
68.3011 11404.2 5.65199e-06 912 7697.04
68.4175 11691.5 5.76485e-06 816 7736.47
68.5511 11538.9 5.65638e-06 984 7781.88
68.7163 11456.4 5.57557e-06 1044 7838.25
68.8684 12126.9 5.86285e-06 864 7890.41
69.0527 10442.7 5.0083e-06 1032 7953.95
69.1935 11860.5 5.65361e-06 660 8002.71
69.3299 12058.9 5.71433e-06 936 8050.12
69.4932 11531.3 5.42588e-06 1044 8107.15
69.686 12352.8 5.76436e-06 656 8174.78
69.8134 12457.7 5.78151e-06 936 8219.71
69.9469 10887.5 5.02392e-06 1032 8266.95
70.1213 12373 5.6669e-06 960 8328.95
70.2749 12887.1 5.86372e-06 720 8383.8
70.4393 13217.3 5.97198e-06 1272 8442.8
70.6278 11789.3 5.28423e-06 744 8510.76
70.7752 11613.1 5.17281e-06 816 8564.12
70.9082 14399.8 6.37806e-06 672 8612.5
71.0883 13248.5 5.8236e-06 1080 8678.31
71.2251 12152.1 5.31095e-06 888 8728.48
71.3899 12706.8 5.51499e-06 816 8789.22
71.5574 13579.9 5.85265e-06 1140 8851.26
71.7414 12537.2 5.36179e-06 936 8919.71
71.886 14067.1 5.97987e-06 660 8973.75
72.0666 13544.4 5.71449e-06 1032 9041.55
72.2058 13836.2 5.80388e-06 696 9094.05
72.3699 13831 5.76234e-06 816 9156.19
72.5306 14744.5 6.10219e-06 984 9217.31
72.6962 13207.1 5.42864e-06 1080 9280.59
72.8906 13622 5.5545e-06 768 9355.23
73.0527 13826.7 5.60054e-06 792 9417.81
73.1908 14734.7 5.93462e-06 920 9471.29
73.3617 14228 5.69055e-06 1152 9537.82
73.5362 14666.8 5.8244e-06 480 9606.02
73.687 14957.9 5.90363e-06 840 9665.23
73.8605 14169 5.55295e-06 960 9733.68
74.0292 14281.4 5.5588e-06 816 9800.52
74.2032 16283.7 6.29371e-06 924 9869.79
74.3601 15077.8 5.79079e-06 936 9932.55
74.5317 16505.3 6.29535e-06 840 10001.5
74.702 14849.2 5.62503e-06 720 10070.2
74.8543 16791.3 6.32197e-06 1020 10131.9
75.0373 15125.7 5.65332e-06 672 10206.4
75.2052 18338.5 6.80834e-06 816 10275
75.3637 16608.6 6.12725e-06 672 10340.2
75.5297 16126 5.91008e-06 1056 10408.6
75.7432 16525.9 6.00555e-06 1044 10497.2
75.9026 17402.2 6.28425e-06 852 10563.5
76.0795 16828.9 6.03495e-06 864 10637.6
76.2353 16216.2 5.77965e-06 408 10703.1
76.3903 16907.8 5.98954e-06 912 10768.5
76.5627 18799.9 6.61492e-06 728 10841.5
76.7347 15655.4 5.47153e-06 924 10914.8
76.9342 20219.5 7.01182e-06 828 11000.2
77.0867 18459.6 6.36361e-06 816 11065.7
77.2621 18272.3 6.25622e-06 828 11141.4
77.4291 20233.3 6.88294e-06 912 11213.8
77.635 18730.7 6.3212e-06 648 11303.5
77.767 19159.3 6.433e-06 672 11361.3
77.9768 20848.3 6.94376e-06 864 11453.5
78.1274 19913.1 6.59397e-06 708 11520
78.2808 21058.7 6.93243e-06 720 11588
78.4939 20624.1 6.73422e-06 984 11682.8
78.6474 19177.7 6.22533e-06 768 11751.5
78.8764 21887.3 7.04321e-06 852 11854.5
79.0431 20214.7 6.46391e-06 624 11929.8
79.1928 22084.3 7.02178e-06 804 11997.7
79.3899 20636.1 6.51254e-06 792 12087.5
79.5792 20558.9 6.442e-06 540 12174.2
79.7425 21948.7 6.83532e-06 816 12249.3
79.9013 20820.2 6.4453e-06 696 12322.6
80.1024 23123.4 7.10454e-06 968 12415.8
80.2822 22234.7 6.78567e-06 576 12499.7
80.4649 21558.1 6.53446e-06 840 12585.2
80.6569 23626.8 7.1105e-06 672 12675.5
80.8166 22424.9 6.70887e-06 648 12750.9
81.0358 23583.6 6.9984e-06 648 12855
81.2141 24344.2 7.17664e-06 768 12940
81.384 24218.2 7.09489e-06 792 13021.4
81.5626 22948 6.67869e-06 684 13107.3
81.7288 26033.1 7.53042e-06 624 13187.6
81.9149 24364.5 6.99986e-06 744 13277.9
82.0937 24146.5 6.89198e-06 504 13365
82.2782 26108.3 7.40191e-06 564 13455.3
82.5114 26087.5 7.33346e-06 924 13570.1
82.6935 27125.3 7.57496e-06 792 13660.1
82.8856 24989 6.92997e-06 612 13755.5
83.0614 25689.8 7.07917e-06 648 13843.3
83.2351 25968.9 7.11138e-06 528 13930.3
83.4178 28240.4 7.68269e-06 624 14022.2
83.6102 26287.8 7.10226e-06 440 14119.5
83.7626 30469.2 8.18711e-06 552 14196.8
83.9729 27550.1 7.34727e-06 828 14304
84.1594 30004.5 7.94873e-06 756 14399.5
84.3716 31046.6 8.16291e-06 456 14508.7
84.5478 30623.4 8.0014e-06 744 14599.8
84.7463 26920.1 6.98447e-06 336 14702.9
84.8926 29126.3 7.51789e-06 576 14779.2
85.1145 31122.5 7.97047e-06 624 14895.3
85.3205 32872.2 8.35774e-06 564 15003.8
85.4942 33035.4 8.34815e-06 756 15095.6
85.6907 31960 8.02094e-06 312 15199.9
85.8975 35773.8 8.91339e-06 804 15310.2
86.104 30278.5 7.49005e-06 456 15420.9
86.297 34351.6 8.4407e-06 528 15524.9
86.5011 30790.6 7.51229e-06 504 15635.3
86.7078 33725.2 8.16956e-06 504 15747.6
86.8742 36783.3 8.85925e-06 516 15838.5
87.0788 34288 8.2002e-06 440 15950.6
87.2614 36300 8.62701e-06 576 16051.2
87.4342 33864.9 8.00065e-06 456 16146.7
87.6327 31886.8 7.48225e-06 408 16256.9
87.8587 40748.2 9.48798e-06 444 16383.1
88.0202 35554.5 8.23318e-06 396 16473.6
88.2446 42019.8 9.65628e-06 540 16599.8
88.4489 35923.8 8.19832e-06 480 16715.4
88.6487 39531 8.96066e-06 504 16829
88.819 37218.3 8.388e-06 336 16926.2
89.0174 42164.2 9.43929e-06 312 17039.8
89.2463 40414.2 8.97807e-06 480 17171.6
89.4395 43993 9.70992e-06 336 17283.3
89.6318 41931.8 9.19552e-06 432 17395.1
89.8636 39331.7 8.55875e-06 480 17530.4
90.0748 44584.2 9.63365e-06 408 17654.3
90.2477 32411.4 6.96319e-06 168 17756.2
90.4644 46065.6 9.82568e-06 320 17884.4
90.6541 42237.8 8.95278e-06 480 17997.1
90.8876 43494.7 9.14833e-06 312 18136.6
91.0843 45048.2 9.41384e-06 279 18254.5
91.2684 47134.5 9.79033e-06 276 18365.5
91.4322 50400.4 1.04125e-05 318 18464.5
91.7277 43303 8.86004e-06 234 18644.1
91.9034 44889.3 9.13204e-06 456 18751.5
92.1316 45783.7 9.24495e-06 222 18891.5
92.2863 50559.5 1.01581e-05 174 18986.8
92.5052 58086.8 1.15877e-05 312 19122.3
92.7372 55895.3 1.10671e-05 270 19266.5
92.9626 48280.8 9.49008e-06 192 19407.3
93.1497 49353.5 9.64257e-06 294 19524.7
93.3369 52629.7 1.02209e-05 240 19642.7
93.5616 52349.4 1.00934e-05 246 19784.9
93.8062 52924.3 1.01246e-05 132 19940.5
93.9913 61525.2 1.17006e-05 272 20058.7
94.1966 72465.5 1.36913e-05 150 20190.4
94.3835 59656.4 1.12044e-05 240 20310.9
94.5992 51254.6 9.56072e-06 246 20450.4
94.8573 56991.9 1.05444e-05 216 20618.3
95.0961 53761.1 9.87187e-06 24 20774.4
95.272 62296.4 1.13759e-05 318 20889.9
95.5061 62347.2 1.13017e-05 144 21044.3
95.6847 57040.8 1.0282e-05 216 21162.5
95.8871 82485.7 1.47747e-05 114 21297.1
96.0969 56466.9 1.00481e-05 144 21437.2
96.3839 51693.2 9.11673e-06 120 21629.9
96.5504 68365.2 1.19948e-05 222 21742.2
96.7946 54242.4 9.44507e-06 192 21907.6
97.0145 74997.8 1.29705e-05 144 22057.2
97.1984 99728.5 1.71499e-05 30 22182.9
97.4476 59765.8 1.0199e-05 152 22353.9
97.6714 64970.7 1.10112e-05 120 22508.3
97.8238 65618.1 1.1069e-05 174 22613.8
98.079 79615.7 1.33257e-05 156 22791.3
98.3218 78305.8 1.30096e-05 72 22961
98.6229 58543.9 9.63759e-06 24 23172.5
98.7549 73359.7 1.20282e-05 174 23265.7
98.9987 84927.8 1.38223e-05 192 23438.5
99.229 95762.9 1.54775e-05 72 23602.4
99.4437 93507.5 1.50153e-05 54 23756
99.5815 74523.7 1.19173e-05 24 23854.8
99.8976 67169.3 1.06396e-05 120 24082.7
100.081 75343.2 1.18687e-05 156 24215.9
100.279 91616.2 1.43472e-05 78 24359.3
100.511 88090.6 1.36997e-05 48 24529
100.812 85152.3 1.31244e-05 24 24750.1
101.066 89506.8 1.36917e-05 104 24937.8
101.243 102414 1.55844e-05 150 25068.6
101.491 80016.7 1.20868e-05 48 25253.9
101.75 66512.2 9.9705e-06 24 25447.4
102.207 107729 1.59335e-05 102 25791.9
102.382 113211 1.66588e-05 108 25924.2
102.62 127535 1.86358e-05 48 26106
102.994 151879 2.19524e-05 6 26392.2
103.376 115830 1.6557e-05 96 26686.9
103.522 139484 1.98537e-05 72 26800.6
103.718 108203 1.53144e-05 24 26952.4
103.951 76179.7 1.07095e-05 6 27134.9
104.54 141049 1.94956e-05 92 27599
104.687 130067 1.79021e-05 48 27715.6
104.938 262498 3.58712e-05 6 27915.2
105.687 116540 1.55896e-05 72 28516.8
105.832 110670 1.47435e-05 30 28634.5
106.847 136530 1.76751e-05 60 29466.4
106.998 42265.7 5.44852e-06 6 29591.7
107.957 263287 3.3044e-05 8 30394.6
108.01 224531 2.81389e-05 30 30438.9
109.143 224081 2.72169e-05 18 31407
110.291 227331 2.67581e-05 6 32408.8
111.44 31092.1 3.54771e-06 1 33431.9
0.999987
509
50
64
1.00001
32.1699 1009.36 4.7876e-06 6 804.248
45.4951 2828.59 4.74346e-06 12 2274.76
55.7199 2218.51 2.02512e-06 8 4178.99
64.3398 5979.24 3.54508e-06 6 6433.98
71.9341 7780.17 3.30069e-06 24 8991.76
78.7999 15337.6 4.94994e-06 24 11820
90.9902 7810 1.63714e-06 12 18198
96.5097 25133 4.4152e-06 30 21714.7
101.73 22326.6 3.34883e-06 24 25432.5
106.696 24720.3 3.21392e-06 24 29341.3
111.44 17458.7 1.99209e-06 8 33431.9
115.99 27835 2.81674e-06 24 37696.8
120.369 45384.7 4.10949e-06 48 42129.1
128.68 104573 7.75012e-06 6 51471.9
132.64 53912.5 3.64826e-06 48 56372
136.485 77704.4 4.82622e-06 36 61418.4
140.225 91518 5.24139e-06 24 66607.1
143.868 81852.2 4.34066e-06 24 71934.1
147.421 76479.4 3.76952e-06 48 77396
150.89 100196 4.60559e-06 24 82989.6
157.6 87611.8 3.5344e-06 24 94559.8
160.85 106739 4.05025e-06 30 100531
164.035 108553 3.88377e-06 72 106623
167.16 97222.3 3.28693e-06 32 112833
173.24 87931.3 2.67065e-06 72 125599
176.202 140646 4.05989e-06 48 132151
181.98 305742 8.01126e-06 12 145584
184.802 112750 2.82109e-06 48 152462
187.581 122512 2.9311e-06 48 159444
190.32 230059 5.26996e-06 48 166530
193.019 162207 3.56194e-06 30 173718
195.682 222887 4.69735e-06 24 181006
198.309 176225 3.56831e-06 72 188393
203.46 180505 3.38431e-06 24 203460
205.988 211004 3.81229e-06 96 211138
208.485 197705 3.4452e-06 48 218909
210.952 293072 4.92994e-06 24 226774
213.391 254042 4.12855e-06 24 234730
215.802 248061 3.89771e-06 72 242778
218.187 241970 3.67871e-06 48 250915
222.88 175452 2.50246e-06 8 267456
225.189 292274 4.04172e-06 54 275857
227.476 365257 4.9002e-06 84 284345
229.739 242466 3.15766e-06 48 292917
231.981 424848 5.37401e-06 24 301575
234.2 247160 3.03833e-06 72 310316
236.4 330669 3.95251e-06 96 319139
240.738 298602 3.37972e-06 48 337033
242.877 336957 3.71392e-06 48 346100
244.999 277280 2.97747e-06 24 355248
247.102 331876 3.47351e-06 72 364475
251.255 304339 3.02994e-06 72 383164
253.306 325968 3.16707e-06 96 392624
257.359 277988 2.57529e-06 6 411775
259.362 358501 3.24482e-06 96 421463
261.35 322981 2.85714e-06 96 431227
263.322 594161 5.13881e-06 24 441064
265.28 526337 4.45216e-06 48 450976
267.223 541687 4.48276e-06 96 460960
269.153 519591 4.20809e-06 48 471017
272.971 595960 4.62689e-06 36 491347
274.86 553072 4.20599e-06 48 501619
276.736 524547 3.90847e-06 120 511962
278.6 270709 1.97688e-06 56 522374
280.451 524259 3.75315e-06 24 532856
282.29 630201 4.42398e-06 96 543408
284.117 526410 3.62454e-06 48 554028
287.736 533565 3.5369e-06 24 575473
289.529 614189 3.99618e-06 102 586297
291.311 614244 3.92365e-06 48 597187
293.082 641577 4.02441e-06 72 608145
294.842 622665 3.83624e-06 48 619168
296.592 687947 4.16386e-06 48 630258
298.331 741030 4.40716e-06 120 641413
301.78 504415 2.89824e-06 24 663917
303.49 619558 3.49999e-06 144 675266
305.191 737173 4.09521e-06 120 686679
306.881 632533 3.45614e-06 48 698155
310.235 855169 4.5227e-06 48 721297
311.899 794571 4.13534e-06 96 732962
315.199 659168 3.32399e-06 24 756479
316.837 549451 2.72798e-06 48 768329
318.466 783030 3.82833e-06 108 780241
320.087 638544 3.07474e-06 72 792214
321.699 757345 3.59223e-06 30 804248
323.304 864627 4.04033e-06 168 816342
324.9 919771 4.23496e-06 48 828495
328.07 857312 3.83406e-06 72 852982
329.643 989074 4.36029e-06 96 865314
331.209 1.28371e+06 5.57929e-06 72 877705
332.768 772343 3.30982e-06 72 890155
334.319 764104 3.22914e-06 32 902663
335.864 862797 3.59616e-06 72 915229
337.401 1.02486e+06 4.21353e-06 144 927852
341.971 1.11143e+06 4.38869e-06 96 966068
343.481 1.13759e+06 4.433e-06 96 978920
344.984 976251 3.75478e-06 48 991829
346.481 961967 3.65211e-06 72 1.00479e+06
347.971 1.03029e+06 3.86144e-06 120 1.01781e+06
349.455 1.09038e+06 4.03482e-06 72 1.03089e+06
352.404 1.28537e+06 4.63795e-06 48 1.05721e+06
353.869 830462 2.95946e-06 78 1.07045e+06
355.328 1.08258e+06 3.81058e-06 120 1.08375e+06
356.782 989960 3.44215e-06 48 1.0971e+06
359.671 917592 3.11426e-06 144 1.12397e+06
361.106 1.11399e+06 3.7359e-06 144 1.13748e+06
363.961 1.91974e+06 6.28778e-06 12 1.16468e+06
365.38 1.42853e+06 4.62461e-06 144 1.17835e+06
366.793 886624 2.83723e-06 48 1.19208e+06
368.201 1.32723e+06 4.19866e-06 120 1.20586e+06
369.604 1.76206e+06 5.511e-06 48 1.21969e+06
371.001 1.14707e+06 3.54719e-06 48 1.23358e+06
372.394 1.2763e+06 3.9027e-06 168 1.24752e+06
375.162 1.10879e+06 3.31597e-06 48 1.27555e+06
376.539 1.22631e+06 3.62734e-06 96 1.28965e+06
377.911 1.25078e+06 3.65958e-06 96 1.30379e+06
379.278 1.01129e+06 2.92701e-06 72 1.31799e+06
380.639 1.27986e+06 3.66471e-06 48 1.33224e+06
381.997 1.08705e+06 3.07957e-06 96 1.34654e+06
383.349 1.48921e+06 4.1744e-06 48 1.36089e+06
386.039 1.16738e+06 3.20434e-06 30 1.38974e+06
387.377 1.47842e+06 4.0162e-06 96 1.40424e+06
388.71 1.31445e+06 3.53416e-06 192 1.41879e+06
390.039 1.5399e+06 4.09814e-06 56 1.43339e+06
391.364 1.89742e+06 4.9985e-06 24 1.44805e+06
392.684 1.19351e+06 3.11254e-06 168 1.46275e+06
393.999 1.69826e+06 4.38467e-06 120 1.4775e+06
396.617 1.30998e+06 3.31565e-06 72 1.50715e+06
397.92 1.55662e+06 3.90136e-06 144 1.52204e+06
399.218 1.28296e+06 3.1842e-06 96 1.53699e+06
400.512 1.85208e+06 4.55231e-06 96 1.55198e+06
403.088 1.65744e+06 3.9963e-06 72 1.58212e+06
404.369 1.65351e+06 3.94904e-06 96 1.59726e+06
406.921 2.09926e+06 4.9199e-06 24 1.62768e+06
408.19 1.51195e+06 3.51051e-06 192 1.64297e+06
409.456 1.2622e+06 2.90353e-06 108 1.6583e+06
410.718 1.44238e+06 3.28751e-06 24 1.67368e+06
411.976 2.14003e+06 4.83308e-06 96 1.6891e+06
413.23 1.59672e+06 3.57333e-06 96 1.70457e+06
414.48 1.62385e+06 3.60125e-06 120 1.72009e+06
416.97 1.68094e+06 3.66149e-06 48 1.75127e+06
418.209 1.25294e+06 2.70503e-06 78 1.76693e+06
419.444 1.96274e+06 4.2001e-06 144 1.78264e+06
420.676 1.84204e+06 3.90728e-06 120 1.79839e+06
421.904 1.59604e+06 3.35599e-06 24 1.81419e+06
423.129 1.75802e+06 3.66458e-06 168 1.83003e+06
424.35 1.58932e+06 3.28442e-06 144 1.84592e+06
426.782 1.57888e+06 3.20737e-06 24 1.87784e+06
427.993 2.14536e+06 4.32126e-06 48 1.89387e+06
429.2 2.2299e+06 4.45375e-06 96 1.90994e+06
430.404 1.78651e+06 3.53831e-06 120 1.92606e+06
431.605 1.48511e+06 2.91688e-06 72 1.94222e+06
432.802 1.95107e+06 3.80036e-06 120 1.95843e+06
433.996 1.41911e+06 2.74144e-06 144 1.97468e+06
436.374 2.49865e+06 4.74842e-06 48 2.00732e+06
437.558 1.85654e+06 3.49958e-06 192 2.02371e+06
438.739 2.33952e+06 4.37449e-06 144 2.04014e+06
439.917 2.60052e+06 4.82357e-06 48 2.05661e+06
442.263 2.40613e+06 4.39235e-06 192 2.08969e+06
443.432 2.23846e+06 4.05404e-06 48 2.1063e+06
445.759 4.25208e+06 7.58089e-06 8 2.13964e+06
446.919 2.1583e+06 3.81809e-06 48 2.15638e+06
448.075 1.84172e+06 3.23289e-06 240 2.17316e+06
449.228 2.15253e+06 3.74945e-06 96 2.18999e+06
450.379 2.45516e+06 4.24391e-06 54 2.20686e+06
451.526 2.4897e+06 4.27088e-06 120 2.22377e+06
452.671 2.32521e+06 3.95854e-06 120 2.24072e+06
454.951 2.26041e+06 3.79063e-06 84 2.27476e+06
456.087 2.69247e+06 4.48154e-06 144 2.29184e+06
457.22 1.69269e+06 2.79653e-06 72 2.30896e+06
458.351 2.34752e+06 3.84978e-06 96 2.32613e+06
459.478 2.42232e+06 3.94326e-06 48 2.34334e+06
460.603 3.29517e+06 5.32497e-06 96 2.36059e+06
461.725 2.27702e+06 3.65289e-06 240 2.37788e+06
463.961 1.65286e+06 2.61343e-06 24 2.4126e+06
465.075 2.37009e+06 3.72062e-06 240 2.43002e+06
466.186 2.03102e+06 3.1656e-06 96 2.44748e+06
467.295 2.23345e+06 3.45639e-06 72 2.46498e+06
468.401 2.71897e+06 4.17802e-06 72 2.48252e+06
469.504 2.47028e+06 3.76917e-06 96 2.50011e+06
470.605 2.22384e+06 3.3694e-06 72 2.51774e+06
472.799 3.07462e+06 4.59389e-06 96 2.55312e+06
473.892 2.60048e+06 3.85864e-06 96 2.57087e+06
474.983 2.40139e+06 3.53873e-06 120 2.58866e+06
476.071 3.01088e+06 4.40654e-06 96 2.60649e+06
478.24 2.66907e+06 3.85338e-06 192 2.64228e+06
479.321 1.81342e+06 2.6004e-06 144 2.66023e+06
481.475 2.39922e+06 3.39445e-06 48 2.69626e+06
482.549 3.18046e+06 4.46978e-06 150 2.71434e+06
483.62 3.20042e+06 4.46801e-06 96 2.73245e+06
484.689 2.71296e+06 3.76248e-06 120 2.75061e+06
485.755 3.61449e+06 4.97983e-06 48 2.7688e+06
486.819 2.84609e+06 3.89552e-06 120 2.78704e+06
487.881 2.67682e+06 3.63997e-06 240 2.80531e+06
489.997 3.77369e+06 5.06529e-06 24 2.84199e+06
491.052 2.98624e+06 3.98254e-06 144 2.86038e+06
492.105 2.87304e+06 3.80705e-06 216 2.87881e+06
493.155 2.7002e+06 3.5552e-06 48 2.89729e+06
494.204 2.82809e+06 3.69994e-06 72 2.9158e+06
495.249 2.75057e+06 3.57577e-06 144 2.93435e+06
496.293 2.35867e+06 3.04699e-06 96 2.95294e+06
499.411 2.95866e+06 3.75094e-06 144 3.00895e+06
500.446 2.6391e+06 3.32509e-06 132 3.0277e+06
501.479 3.73604e+06 4.67813e-06 104 3.04649e+06
502.51 3.51698e+06 4.37679e-06 72 3.06531e+06
503.539 3.70827e+06 4.58661e-06 168 3.08417e+06
504.565 2.66007e+06 3.2701e-06 144 3.10308e+06
506.612 3.04852e+06 3.70239e-06 96 3.141e+06
507.633 3.07617e+06 3.71348e-06 144 3.16001e+06
509.198 3.21142e+06 3.84111e-06 312 3.18934e+06
511.694 3.42756e+06 4.03994e-06 48 3.23646e+06
512.704 3.08956e+06 3.62007e-06 192 3.25567e+06
514.719 6.7108e+06 7.77114e-06 6 3.2942e+06
515.723 3.59462e+06 4.13832e-06 192 3.31352e+06
517.225 3.46849e+06 3.95841e-06 192 3.34256e+06
518.724 3.45643e+06 3.91055e-06 96 3.37171e+06
519.721 3.39125e+06 3.81478e-06 216 3.39118e+06
520.715 4.80579e+06 5.37506e-06 72 3.41069e+06
523.193 3.2492e+06 3.58269e-06 192 3.45961e+06
524.675 3.68829e+06 4.03249e-06 240 3.48909e+06
525.661 3.24586e+06 3.52885e-06 48 3.50878e+06
526.644 5.42545e+06 5.86549e-06 24 3.52852e+06
527.626 3.49544e+06 3.75788e-06 264 3.54828e+06
528.606 3.48789e+06 3.72896e-06 192 3.56809e+06
530.56 4.45431e+06 4.70974e-06 48 3.60781e+06
531.534 4.397e+06 4.62363e-06 96 3.62772e+06
532.507 3.64814e+06 3.81519e-06 144 3.64767e+06
533.478 4.01566e+06 4.17665e-06 120 3.66766e+06
534.861 4.25149e+06 4.38771e-06 168 3.69627e+06
536.38 3.8868e+06 3.97736e-06 168 3.72784e+06
539.106 4.33343e+06 4.36747e-06 288 3.78497e+06
540.225 3.95082e+06 3.95716e-06 96 3.80858e+06
541.182 3.24704e+06 3.23503e-06 72 3.82886e+06
543.498 4.1215e+06 4.05397e-06 336 3.87824e+06
545.941 7.14776e+06 6.93667e-06 36 3.93078e+06
547.552 3.6256e+06 3.48758e-06 342 3.96566e+06
548.778 3.73147e+06 3.56542e-06 96 3.99236e+06
549.72 4.11511e+06 3.91181e-06 48 4.01295e+06
550.66 3.46968e+06 3.28139e-06 216 4.03359e+06
551.599 4.66081e+06 4.38542e-06 168 4.05425e+06
553.472 5.34209e+06 4.97558e-06 120 4.09569e+06
554.406 3.61684e+06 3.3517e-06 192 4.11647e+06
556.016 4.04856e+06 3.71928e-06 264 4.15242e+06
557.199 3.79614e+06 3.46522e-06 56 4.17899e+06
558.683 4.79339e+06 4.34077e-06 240 4.21246e+06
560.902 5.37617e+06 4.81098e-06 24 4.26285e+06
562.334 4.3402e+06 3.8543e-06 432 4.2956e+06
563.662 4.51634e+06 3.98244e-06 72 4.32611e+06
564.58 4.2124e+06 3.69636e-06 96 4.34726e+06
565.861 3.82814e+06 3.3364e-06 240 4.37693e+06
568.84 5.26497e+06 4.51694e-06 144 4.44643e+06
570.052 4.28636e+06 3.65397e-06 312 4.47491e+06
570.959 3.28808e+06 2.78963e-06 144 4.4963e+06
572.769 4.11529e+06 3.45846e-06 120 4.53919e+06
573.672 4.88243e+06 4.08381e-06 144 4.56069e+06
575.473 4.0557e+06 3.36055e-06 24 4.60378e+06
576.371 4.01338e+06 3.30997e-06 240 4.62538e+06
577.716 4.32889e+06 3.5453e-06 192 4.65783e+06
579.058 4.44677e+06 3.61658e-06 102 4.69037e+06
580.496 4.75787e+06 3.84092e-06 432 4.72539e+06
583.382 4.99819e+06 3.97532e-06 336 4.79623e+06
584.395 5.00617e+06 3.961e-06 96 4.82126e+06
585.28 4.10804e+06 3.23566e-06 72 4.84319e+06
586.715 5.70016e+06 4.45683e-06 192 4.8789e+06
587.927 4.53694e+06 3.52544e-06 144 4.90919e+06
589.684 6.02989e+06 4.64377e-06 48 4.95335e+06
591.132 5.50288e+06 4.20685e-06 276 4.98992e+06
592.311 4.81752e+06 3.66095e-06 144 5.01983e+06
593.946 5.22123e+06 3.93505e-06 384 5.06154e+06
594.926 5.63314e+06 4.22456e-06 216 5.08662e+06
596.663 5.66896e+06 4.2144e-06 120 5.1313e+06
597.53 4.39483e+06 3.253e-06 96 5.15369e+06
598.827 5.85483e+06 4.30557e-06 240 5.18733e+06
601.489 4.98215e+06 3.61537e-06 408 5.25684e+06
603.561 5.7956e+06 4.16251e-06 24 5.31134e+06
604.418 5.07157e+06 3.62702e-06 192 5.33399e+06
605.558 6.45344e+06 4.58927e-06 288 5.36423e+06
606.981 4.76072e+06 3.36177e-06 144 5.40213e+06
608.197 5.63338e+06 3.95418e-06 168 5.43467e+06
610.381 4.35553e+06 3.02453e-06 120 5.49343e+06
611.228 5.69156e+06 3.93587e-06 126 5.51634e+06
612.349 4.82434e+06 3.31788e-06 320 5.54673e+06
613.763 3.17655e+06 2.16957e-06 48 5.58524e+06
614.921 5.11643e+06 3.4748e-06 384 5.61691e+06
617.964 6.46228e+06 4.32431e-06 288 5.70072e+06
619.278 4.95624e+06 3.29546e-06 336 5.73716e+06
621.066 6.14434e+06 4.05025e-06 168 5.787e+06
622.136 5.84949e+06 3.83602e-06 336 5.81698e+06
623.798 5.65164e+06 3.67674e-06 96 5.8637e+06
625.04 6.24326e+06 4.03745e-06 384 5.89881e+06
626.281 4.6273e+06 2.97467e-06 72 5.93402e+06
627.932 5.4604e+06 3.48263e-06 240 5.98105e+06
628.755 7.50492e+06 4.76784e-06 96 6.00461e+06
631.055 5.89255e+06 3.70273e-06 120 6.07075e+06
632.038 5.74556e+06 3.59353e-06 240 6.09917e+06
633.09 6.33527e+06 3.94265e-06 168 6.12966e+06
634.833 6.01298e+06 3.71134e-06 456 6.18043e+06
636.932 6.02e+06 3.67906e-06 108 6.24193e+06
637.744 5.84012e+06 3.55552e-06 144 6.26583e+06
639.053 6.69505e+06 4.05101e-06 312 6.3045e+06
640.577 6.87726e+06 4.13163e-06 144 6.34971e+06
641.788 6.13311e+06 3.66376e-06 240 6.38579e+06
644.113 7.37984e+06 4.36095e-06 270 6.45544e+06
645.005 7.80953e+06 4.59574e-06 192 6.4823e+06
646.429 7.57832e+06 4.43027e-06 216 6.52534e+06
647.783 6.87929e+06 3.99646e-06 408 6.56642e+06
649.8 5.1339e+06 2.9548e-06 48 6.62796e+06
650.993 7.01677e+06 4.01631e-06 384 6.66454e+06
652.185 6.50947e+06 3.70555e-06 144 6.7012e+06
654.165 5.98014e+06 3.37341e-06 480 6.76243e+06
656.665 7.37743e+06 4.11427e-06 216 6.84026e+06
658.26 6.3265e+06 3.50261e-06 312 6.8902e+06
659.723 7.59584e+06 4.17745e-06 216 6.93625e+06
660.855 7.37959e+06 4.0377e-06 120 6.97202e+06
663.062 7.78607e+06 4.2177e-06 408 7.0421e+06
664.091 7.27016e+06 3.91996e-06 336 7.07493e+06
666.101 6.99092e+06 3.73537e-06 264 7.13939e+06
667.089 7.97812e+06 4.24393e-06 144 7.17121e+06
669.272 6.32999e+06 3.33438e-06 176 7.24182e+06
670.378 8.74884e+06 4.58576e-06 384 7.27779e+06
672.32 8.51961e+06 4.42703e-06 312 7.34121e+06
673.266 6.89494e+06 3.56771e-06 96 7.37227e+06
674.802 7.28437e+06 3.74355e-06 144 7.42282e+06
675.769 8.32189e+06 4.25841e-06 366 7.45478e+06
677.098 7.48385e+06 3.80706e-06 120 7.49886e+06
679.235 7.18395e+06 3.62013e-06 480 7.57007e+06
682.312 8.19297e+06 4.07298e-06 636 7.67342e+06
684.395 7.58684e+06 3.73732e-06 240 7.74393e+06
685.453 7.22913e+06 3.54464e-06 168 7.77989e+06
687.338 7.52026e+06 3.65715e-06 192 7.84424e+06
688.752 8.17114e+06 3.94924e-06 504 7.89277e+06
690.629 8.05881e+06 3.86328e-06 408 7.95747e+06
691.466 8.84504e+06 4.22481e-06 96 7.98643e+06
693.504 7.72261e+06 3.65626e-06 264 8.05725e+06
694.927 8.01236e+06 3.77019e-06 264 8.10695e+06
696.399 9.365e+06 4.37879e-06 312 8.15857e+06
697.427 6.92371e+06 3.22301e-06 240 8.19477e+06
699.403 7.01119e+06 3.23616e-06 216 8.2646e+06
700.635 8.05621e+06 3.69893e-06 360 8.30835e+06
702.828 8.63358e+06 3.92702e-06 312 8.38662e+06
704.807 9.06154e+06 4.08706e-06 48 8.45769e+06
705.948 8.39766e+06 3.76929e-06 432 8.49883e+06
707.334 9.16103e+06 4.0878e-06 174 8.54898e+06
708.881 8.72965e+06 3.86987e-06 552 8.6052e+06
711.142 9.0079e+06 3.95526e-06 360 8.68778e+06
712.52 9.49498e+06 4.14499e-06 384 8.73838e+06
714.107 7.74292e+06 3.35765e-06 192 8.7969e+06
715.012 8.92609e+06 3.85604e-06 336 8.8304e+06
717.18 9.66855e+06 4.13902e-06 288 8.91096e+06
718.732 9.41005e+06 4.00232e-06 312 8.96893e+06
720.395 9.1146e+06 3.84986e-06 360 9.03135e+06
722.213 8.40078e+06 3.52163e-06 144 9.09988e+06
723.655 8.63103e+06 3.59657e-06 536 9.15449e+06
725.786 7.91732e+06 3.27018e-06 360 9.23563e+06
726.499 1.00372e+07 4.13358e-06 192 9.26286e+06
728.591 1.06014e+07 4.32846e-06 204 9.3431e+06
729.98 9.86744e+06 4.00582e-06 480 9.39666e+06
731.872 1.12009e+07 4.51199e-06 336 9.46989e+06
733.587 1.4641e+07 5.85648e-06 48 9.53663e+06
734.698 9.47686e+06 3.77362e-06 624 9.58002e+06
736.871 9.05692e+06 3.57459e-06 360 9.66529e+06
738.157 9.9011e+06 3.88738e-06 192 9.71598e+06
740.391 1.05141e+07 4.09082e-06 486 9.80447e+06
741.432 1.03472e+07 4.00893e-06 264 9.84588e+06
743.135 1.05765e+07 4.06965e-06 384 9.91388e+06
745.108 1.11514e+07 4.25689e-06 312 9.99304e+06
746.621 9.88036e+06 3.7488e-06 336 1.0054e+07
748.741 1.02725e+07 3.86456e-06 408 1.01399e+07
750.325 1.46593e+07 5.48005e-06 48 1.02044e+07
751.414 1.12758e+07 4.1969e-06 744 1.02489e+07
753.62 1.2205e+07 4.50296e-06 456 1.03395e+07
754.949 1.26443e+07 4.64045e-06 264 1.03943e+07
757.007 1.12872e+07 4.1087e-06 360 1.04795e+07
758.768 1.0561e+07 3.81768e-06 384 1.05528e+07
759.918 1.21356e+07 4.36696e-06 288 1.06009e+07
762.055 1.14853e+07 4.09828e-06 336 1.06905e+07
763.524 1.22873e+07 4.3592e-06 312 1.07525e+07
765.153 1.02794e+07 3.62363e-06 504 1.08214e+07
767.527 1.15251e+07 4.02515e-06 624 1.09225e+07
768.719 1.03223e+07 3.58832e-06 120 1.09735e+07
770.4 1.14317e+07 3.94803e-06 384 1.10456e+07
772.588 9.62457e+06 3.29577e-06 126 1.114e+07
773.939 1.19325e+07 4.06473e-06 492 1.11985e+07
775.664 1.24295e+07 4.20582e-06 528 1.12736e+07
777.82 1.15764e+07 3.88468e-06 480 1.13678e+07
779.173 1.08405e+07 3.61882e-06 440 1.14273e+07
781.11 1.17879e+07 3.90589e-06 432 1.15127e+07
783.338 1.26609e+07 4.15946e-06 312 1.16115e+07
784.488 1.23882e+07 4.052e-06 648 1.16627e+07
786.289 1.32076e+07 4.29038e-06 240 1.17432e+07
788.436 1.16694e+07 3.75983e-06 360 1.18397e+07
789.504 1.2083e+07 3.87732e-06 408 1.18878e+07
791.481 1.30835e+07 4.16698e-06 456 1.19774e+07
793.709 1.15846e+07 3.65863e-06 264 1.20788e+07
795.189 1.32082e+07 4.14813e-06 528 1.21465e+07
796.991 1.23115e+07 3.84036e-06 528 1.22293e+07
799.165 1.35795e+07 4.20142e-06 384 1.23296e+07
801.308 1.38546e+07 4.25223e-06 600 1.24291e+07
802.315 1.27095e+07 3.88609e-06 144 1.2476e+07
804.725 1.41141e+07 4.27693e-06 582 1.25888e+07
806.535 1.45639e+07 4.38357e-06 600 1.26739e+07
807.824 1.22875e+07 3.68073e-06 336 1.27348e+07
810.017 1.3255e+07 3.93838e-06 648 1.28388e+07
812.306 1.34348e+07 3.95813e-06 408 1.29479e+07
813.841 1.41353e+07 4.14101e-06 24 1.30215e+07
814.832 1.37633e+07 4.01734e-06 600 1.30691e+07
817.014 1.40323e+07 4.06311e-06 576 1.31743e+07
819.348 1.44591e+07 4.15102e-06 348 1.32876e+07
820.438 1.43645e+07 4.10747e-06 576 1.33407e+07
822.485 1.54268e+07 4.37837e-06 504 1.34408e+07
824.579 1.37501e+07 3.87282e-06 432 1.35437e+07
826.407 1.47182e+07 4.11806e-06 576 1.3634e+07
828.101 1.43272e+07 3.98409e-06 384 1.3718e+07
830.047 1.44303e+07 3.98463e-06 744 1.38149e+07
832.387 1.61495e+07 4.42185e-06 288 1.39321e+07
834.404 1.45107e+07 3.94437e-06 192 1.40336e+07
835.578 1.53913e+07 4.16615e-06 590 1.40929e+07
837.283 1.51539e+07 4.07688e-06 600 1.41794e+07
839.505 1.51109e+07 4.0331e-06 528 1.42926e+07
841.39 1.35509e+07 3.59248e-06 384 1.43891e+07
842.654 1.51311e+07 3.9934e-06 408 1.4454e+07
844.756 1.63639e+07 4.2866e-06 792 1.45624e+07
846.818 1.66765e+07 4.33664e-06 576 1.46694e+07
849.495 1.56191e+07 4.02339e-06 552 1.48089e+07
851.293 1.5038e+07 3.84922e-06 648 1.49031e+07
852.486 1.52304e+07 3.88214e-06 216 1.49659e+07
854.654 1.72551e+07 4.36481e-06 720 1.50804e+07
856.957 1.58026e+07 3.96526e-06 552 1.52026e+07
859.175 1.66272e+07 4.13993e-06 672 1.53209e+07
860.949 1.89661e+07 4.69317e-06 408 1.5416e+07
862.409 1.77736e+07 4.37578e-06 216 1.54946e+07
864.296 1.61308e+07 3.94537e-06 516 1.55965e+07
866.317 1.75348e+07 4.25882e-06 744 1.57062e+07
868.587 1.94469e+07 4.6863e-06 606 1.583e+07
870.216 1.82535e+07 4.37406e-06 456 1.59192e+07
871.669 1.89292e+07 4.51334e-06 528 1.59991e+07
874.13 1.98987e+07 4.70453e-06 792 1.6135e+07
875.855 1.86578e+07 4.38515e-06 384 1.62307e+07
878.476 1.91795e+07 4.46752e-06 864 1.63769e+07
880.617 1.90978e+07 4.41613e-06 720 1.64969e+07
882.769 1.80852e+07 4.15146e-06 144 1.66181e+07
884.074 1.90483e+07 4.35321e-06 840 1.66919e+07
885.875 2.12591e+07 4.82888e-06 312 1.67941e+07
887.718 1.94883e+07 4.39913e-06 720 1.68992e+07
890.093 1.89304e+07 4.2391e-06 528 1.70352e+07
892.444 2.02144e+07 4.49095e-06 632 1.71705e+07
894.432 1.89712e+07 4.18671e-06 864 1.72855e+07
896.406 1.78239e+07 3.90759e-06 432 1.74002e+07
898.196 1.95044e+07 4.2505e-06 744 1.75047e+07
899.789 1.93064e+07 4.18503e-06 342 1.7598e+07
902.06 2.07341e+07 4.46066e-06 624 1.77315e+07
904.079 2.27607e+07 4.86392e-06 696 1.78509e+07
906.484 2.1621e+07 4.5837e-06 696 1.79937e+07
908.393 2.084e+07 4.39033e-06 552 1.81076e+07
910.522 2.12723e+07 4.45001e-06 660 1.82353e+07
912.562 2.20398e+07 4.57974e-06 912 1.83581e+07
915.226 2.09978e+07 4.32522e-06 864 1.85193e+07
916.668 2.22774e+07 4.56718e-06 408 1.8607e+07
918.714 1.82446e+07 3.71546e-06 336 1.87319e+07
920.905 2.15292e+07 4.35314e-06 1032 1.88662e+07
922.889 2.04218e+07 4.10266e-06 480 1.89884e+07
924.425 2.4251e+07 4.84768e-06 648 1.90834e+07
926.577 2.28163e+07 4.52918e-06 528 1.9217e+07
929.212 2.34861e+07 4.6226e-06 912 1.93814e+07
930.965 2.32175e+07 4.54397e-06 360 1.94913e+07
933.312 2.18516e+07 4.24445e-06 726 1.96391e+07
935.391 2.48631e+07 4.79728e-06 912 1.97706e+07
937.757 2.30295e+07 4.40995e-06 888 1.9921e+07
939.879 2.48943e+07 4.73482e-06 744 2.00566e+07
941.862 2.57419e+07 4.86518e-06 648 2.01837e+07
943.716 2.47778e+07 4.65541e-06 552 2.03032e+07
946.435 2.69197e+07 5.01438e-06 816 2.04792e+07
948.192 2.55625e+07 4.73515e-06 824 2.05935e+07
950.619 2.51667e+07 4.62622e-06 600 2.0752e+07
952.37 2.78927e+07 5.09909e-06 744 2.08669e+07
955.074 2.50495e+07 4.54055e-06 804 2.10451e+07
956.936 2.33888e+07 4.21482e-06 768 2.11685e+07
959.306 2.66846e+07 4.77321e-06 624 2.13261e+07
961.278 2.53411e+07 4.50502e-06 888 2.14579e+07
963.622 2.61259e+07 4.61075e-06 384 2.16152e+07
965.398 2.89233e+07 5.0763e-06 1110 2.1735e+07
967.952 2.77906e+07 4.839e-06 720 2.1908e+07
969.867 2.6528e+07 4.59185e-06 888 2.20383e+07
972.37 2.84712e+07 4.89026e-06 624 2.22093e+07
973.946 2.85333e+07 4.87716e-06 744 2.23175e+07
976.55 2.72875e+07 4.62701e-06 936 2.24969e+07
978.801 2.87263e+07 4.83745e-06 648 2.26529e+07
980.87 2.74617e+07 4.59529e-06 912 2.27968e+07
982.768 2.85815e+07 4.75501e-06 648 2.29294e+07
984.96 2.97438e+07 4.91541e-06 840 2.30832e+07
987.035 3.20557e+07 5.26413e-06 816 2.32294e+07
989.468 2.88383e+07 4.70094e-06 840 2.34016e+07
991.577 3.10328e+07 5.02645e-06 744 2.35515e+07
993.773 3.11525e+07 5.01246e-06 1032 2.37084e+07
996.5 3.27411e+07 5.22494e-06 390 2.39041e+07
998.67 3.12448e+07 4.95373e-06 1224 2.40606e+07
1000.89 2.94774e+07 4.64245e-06 852 2.42216e+07
1003.28 3.21605e+07 5.02894e-06 1040 2.43953e+07
1005.72 3.15169e+07 4.89251e-06 600 2.45738e+07
1007.33 3.22601e+07 4.98396e-06 840 2.46917e+07
1009.98 3.37292e+07 5.16988e-06 1152 2.48877e+07
1012.07 3.23621e+07 4.92969e-06 960 2.50425e+07
1014.5 3.25353e+07 4.9206e-06 672 2.5223e+07
1017 3.52713e+07 5.29511e-06 1104 2.54101e+07
1019.11 3.84616e+07 5.73833e-06 648 2.55683e+07
1021.63 3.61381e+07 5.35185e-06 816 2.57586e+07
1023.76 3.52212e+07 5.18357e-06 1008 2.592e+07
1026.24 3.56048e+07 5.20218e-06 1008 2.61085e+07
1028.23 3.43065e+07 4.98344e-06 648 2.62607e+07
1.06828e+06
262144
262144
